43
1
2
0 2 17 2 0 -1
0 3 17 1 0 2
haar_y2
2.945242e-003 0 -1
-7.986404e-001 5.638766e-001 
1
2
19 17 4 6 0 -1
17 19 4 2 0 3
tilted_haar_x3
6.311749e-003 0 -1
-5.436766e-001 5.404702e-001 
1
2
2 5 20 10 0 -1
2 10 20 5 0 2
haar_y2
2.874493e-002 0 -1
-9.618008e-001 4.852488e-001 
1
2
13 21 9 7 0 -1
16 21 3 7 0 3
haar_x3
-5.462078e-003 0 -1
4.530215e-001 -8.800524e-001 
1
2
3 21 4 10 0 -1
3 26 4 5 0 2
haar_y2
-1.028958e-003 0 -1
5.053588e-001 -8.945070e-001 
1
2
0 0 24 17 0 -1
6 0 12 17 0 2
haar_x4
4.100819e-002 0 -1
-7.754099e-001 3.960243e-001 
1
2
10 16 2 6 0 -1
11 16 1 6 0 2
haar_x2
1.303187e-004 0 -1
-7.524146e-001 4.300040e-001 
1
2
15 3 6 7 0 -1
15 3 3 7 0 2
tilted_haar_y2
-1.543725e-003 0 -1
2.855003e-001 -7.856111e-001 
1
2
8 6 15 3 0 -1
13 11 5 3 0 3
tilted_haar_x3
-1.100409e-004 0 -1
6.433881e-001 -6.931203e-001 
1
2
19 9 4 2 0 -1
19 10 4 1 0 2
haar_y2
2.371085e-005 0 -1
-5.734604e-001 2.069767e-001 
1
2
5 7 6 8 0 -1
5 11 6 4 0 2
haar_y2
1.606715e-003 0 -1
-7.962102e-001 2.996006e-001 
1
2
12 45 1 2 0 -1
12 45 1 1 0 2
tilted_haar_x2
-2.371810e-005 0 -1
1.858169e-001 -5.805230e-001 
1
2
1 3 4 18 0 -1
1 9 4 6 0 3
haar_y3
1.650990e-003 0 -1
-7.298718e-001 3.832461e-001 
1
2
12 45 1 2 0 -1
12 45 1 1 0 2
tilted_haar_x2
1.034245e-005 0 -1
-4.466293e-001 2.989057e-001 
1
2
9 22 6 24 0 -1
9 30 6 8 0 3
haar_y3
1.304268e-002 0 -1
-8.633182e-001 4.042726e-001 
1
2
6 46 12 1 0 -1
9 46 6 1 0 2
haar_x4
4.772024e-004 0 -1
-8.240209e-001 3.684073e-001 
1
2
10 0 14 8 0 -1
8 2 14 4 0 2
tilted_haar_y4
1.520994e-003 0 -1
-9.320202e-001 3.266931e-001 
1
3
18 16 6 18 0 -1
21 16 3 9 0 2
18 25 3 9 0 2
haar_x2_y2
-1.496617e-004 0 -1
1.739014e-001 -8.566374e-001 
1
3
0 16 6 18 0 -1
0 16 3 9 0 2
3 25 3 9 0 2
haar_x2_y2
-1.211967e-003 0 -1
4.778979e-001 -8.641319e-001 
1
2
16 31 4 4 0 -1
17 31 2 4 0 2
haar_x4
4.252022e-003 0 -1
-2.564757e-001 8.164008e-001 
1
2
1 0 20 24 0 -1
1 8 20 8 0 3
haar_y3
1.209607e-003 0 -1
-9.988909e-001 3.460934e-001 
1
2
16 31 4 4 0 -1
17 31 2 4 0 2
haar_x4
-1.098299e-004 0 -1
8.518055e-003 -8.213688e-001 
1
2
8 22 4 2 0 -1
8 22 4 1 0 2
tilted_haar_y2
-2.874274e-005 0 -1
5.824055e-001 -7.121067e-001 
1
2
16 31 4 4 0 -1
17 31 2 4 0 2
haar_x4
9.520884e-005 0 -1
-3.001146e-001 5.696664e-001 
1
2
0 9 5 2 0 -1
0 10 5 1 0 2
haar_y2
7.608558e-005 0 -1
-8.476873e-001 4.117858e-001 
1
2
16 31 4 4 0 -1
17 31 2 4 0 2
haar_x4
-1.098299e-004 0 -1
1.705790e-001 -7.230240e-001 
1
2
4 31 4 4 0 -1
5 31 2 4 0 2
haar_x4
7.992229e-006 0 -1
-5.925753e-001 6.424276e-001 
1
3
6 31 18 14 0 -1
15 31 9 7 0 2
6 38 9 7 0 2
haar_x2_y2
2.667411e-002 0 -1
-4.681371e-001 7.244880e-001 
1
2
0 8 9 20 0 -1
0 13 9 10 0 2
haar_y4
1.753316e-005 0 -1
-9.824352e-001 5.082968e-001 
1
2
19 2 4 32 0 -1
20 2 2 32 0 2
haar_x4
2.521688e-005 0 -1
-8.933606e-001 4.863454e-002 
1
3
0 31 16 14 0 -1
0 31 8 7 0 2
8 38 8 7 0 2
haar_x2_y2
-2.405590e-003 0 -1
5.612034e-001 -9.592148e-001 
1
2
15 0 1 4 0 -1
15 0 1 2 0 2
tilted_haar_x2
-1.590993e-003 0 -1
2.943898e-001 -8.617268e-001 
1
2
4 11 14 22 0 -1
4 22 14 11 0 2
haar_y2
-1.013475e-003 0 -1
4.895628e-001 -7.590366e-001 
1
2
22 6 2 5 0 -1
22 6 1 5 0 2
tilted_haar_y2
3.323886e-004 0 -1
-2.795396e-001 3.033883e-001 
1
2
2 6 5 2 0 -1
2 6 5 1 0 2
tilted_haar_y2
7.105194e-004 0 -1
-6.000724e-001 6.432244e-001 
1
2
14 14 4 3 0 -1
15 14 2 3 0 2
haar_x4
7.640118e-004 0 -1
-5.206182e-001 5.076125e-001 
1
2
6 0 18 1 0 -1
6 0 9 1 0 2
tilted_haar_x2
-1.784372e-003 0 -1
4.710380e-001 -9.701323e-001 
1
2
14 25 2 1 0 -1
14 25 1 1 0 2
haar_x2
-4.858490e-005 0 -1
3.024746e-001 -6.168340e-001 
1
2
9 17 5 12 0 -1
9 20 5 6 0 2
haar_y4
1.612603e-003 0 -1
-5.409443e-001 7.066960e-001 
1
2
8 17 9 20 0 -1
8 27 9 10 0 2
haar_y2
6.920409e-004 0 -1
-8.548991e-001 4.147866e-001 
1
2
5 0 4 4 0 -1
5 1 4 2 0 2
haar_y4
-2.518011e-005 0 -1
4.900391e-001 -8.393213e-001 
1
2
1 7 22 15 0 -1
1 12 22 5 0 3
haar_y3
2.306138e-003 0 -1
-9.414973e-001 2.962643e-001 
1
2
12 45 2 1 0 -1
12 45 1 1 0 2
tilted_haar_x2
-7.992229e-006 0 -1
3.282166e-001 -8.271709e-001 
-1.506973e+000

10
-1
