23
1
2
0 3 20 2 0 -1
5 3 10 2 0 2
haar_x4
9.990469e-003 0 -1
-6.993707e-001 6.893623e-001 
1
2
3 4 20 10 0 -1
3 9 20 5 0 2
haar_y2
3.092547e-002 0 -1
-8.670185e-001 4.011345e-001 
1
2
4 17 16 3 0 -1
8 17 8 3 0 2
haar_x4
-1.433698e-003 0 -1
4.237913e-001 -8.987789e-001 
1
3
8 36 14 8 0 -1
15 36 7 4 0 2
8 40 7 4 0 2
haar_x2_y2
-6.163033e-003 0 -1
4.637342e-001 -5.187409e-001 
1
3
1 37 22 10 0 -1
1 37 11 5 0 2
12 42 11 5 0 2
haar_x2_y2
-1.777231e-002 0 -1
6.334358e-001 -5.120422e-001 
1
2
4 0 16 12 0 -1
4 3 16 6 0 2
haar_y4
4.881280e-003 0 -1
-5.661857e-001 4.517087e-001 
1
2
5 35 3 12 0 -1
6 39 1 4 0 9
haar_point
4.405884e-005 0 -1
-6.718144e-001 4.296201e-001 
1
2
13 4 10 8 0 -1
13 8 10 4 0 2
haar_y2
4.387948e-003 0 -1
-5.743614e-001 7.501668e-002 
1
2
1 4 10 8 0 -1
1 8 10 4 0 2
haar_y2
4.501881e-004 0 -1
-8.475763e-001 3.418375e-001 
1
3
13 24 6 6 0 -1
16 24 3 3 0 2
13 27 3 3 0 2
haar_x2_y2
5.649265e-004 0 -1
-5.989060e-001 1.865335e-001 
1
2
7 16 4 5 0 -1
8 17 2 5 0 2
tilted_haar_x4
8.194397e-005 0 -1
-7.987204e-001 5.269450e-001 
1
2
20 29 1 8 0 -1
20 29 1 4 0 2
tilted_haar_x2
-1.315149e-003 0 -1
3.137794e-001 -7.067142e-001 
1
2
11 43 4 1 0 -1
11 43 2 1 0 2
tilted_haar_x2
-7.187029e-006 0 -1
7.145378e-001 -7.645535e-001 
1
2
13 33 3 2 0 -1
14 34 1 2 0 3
tilted_haar_y3
-1.543630e-004 0 -1
4.764187e-001 -3.521557e-001 
1
2
8 27 3 2 0 -1
9 27 1 2 0 3
haar_x3
2.555635e-004 0 -1
-4.611801e-001 7.287200e-001 
1
2
16 6 7 24 0 -1
16 12 7 12 0 2
haar_y4
1.115674e-002 0 -1
-5.468001e-001 2.360629e-001 
1
2
1 12 8 9 0 -1
1 15 8 3 0 3
haar_y3
3.315153e-004 0 -1
-8.456484e-001 5.129175e-001 
1
2
19 8 5 2 0 -1
19 9 5 1 0 2
haar_y2
7.723981e-005 0 -1
-7.669086e-001 1.516610e-001 
1
2
10 16 14 9 0 -1
10 16 7 9 0 2
tilted_haar_x2
-5.086666e-003 0 -1
5.981676e-001 -8.805926e-001 
1
2
12 2 12 1 0 -1
15 2 6 1 0 2
haar_x4
-1.500640e-005 0 -1
2.088923e-001 -4.791928e-001 
1
2
11 18 2 8 0 -1
11 20 2 4 0 2
haar_y4
1.626979e-004 0 -1
-6.813321e-001 6.546338e-001 
1
2
13 33 3 2 0 -1
14 34 1 2 0 3
tilted_haar_y3
2.689125e-005 0 -1
-5.531853e-001 3.521706e-001 
1
2
6 1 3 4 0 -1
7 2 1 4 0 3
tilted_haar_x3
-8.534960e-005 0 -1
6.467218e-001 -8.714264e-001 
-2.088352e+000

3
-1
