615
1
2
1 0 17 6 0 -1
1 3 17 3 0 2
haar_y2
2.398628e-002 0 -1
-8.227141e-001 7.652414e-001 
1
2
23 7 1 12 0 -1
20 10 1 6 0 2
tilted_haar_x4
3.020564e-003 0 -1
-8.130154e-001 3.981166e-001 
1
2
0 4 12 20 0 -1
3 4 6 20 0 2
haar_x4
4.086216e-002 0 -1
-8.643804e-001 7.701328e-001 
1
2
8 16 8 22 0 -1
8 27 8 11 0 2
haar_y2
2.693308e-004 0 -1
-9.770694e-001 5.823603e-001 
1
2
0 2 15 34 0 -1
5 2 5 34 0 3
haar_x3
-6.758138e-003 0 -1
8.353944e-001 -9.950001e-001 
1
2
15 1 8 32 0 -1
15 1 4 32 0 2
haar_x2
-2.548497e-004 0 -1
5.997474e-001 -8.448058e-001 
1
2
0 1 24 32 0 -1
6 1 12 32 0 2
haar_x4
9.121172e-003 0 -1
-8.509445e-001 8.255585e-001 
1
2
3 13 18 6 0 -1
9 15 6 2 0 9
haar_point
-3.023960e-003 0 -1
5.307909e-001 -9.633706e-001 
1
2
1 2 15 18 0 -1
1 8 15 6 0 3
haar_y3
4.459745e-003 0 -1
-9.421122e-001 3.699671e-001 
1
2
16 10 6 20 0 -1
16 15 6 10 0 2
haar_y4
3.272279e-004 0 -1
-9.122630e-001 3.276797e-001 
1
3
5 21 6 10 0 -1
5 21 3 5 0 2
8 26 3 5 0 2
haar_x2_y2
2.410138e-003 0 -1
-9.536858e-001 5.278796e-001 
1
2
13 25 8 9 0 -1
15 27 4 9 0 2
tilted_haar_y4
3.850224e-005 0 -1
-9.652154e-001 3.119872e-001 
1
2
0 7 12 24 0 -1
0 15 12 8 0 3
haar_y3
1.634150e-003 0 -1
-9.897057e-001 5.436404e-001 
1
2
12 27 8 10 0 -1
14 29 4 10 0 2
tilted_haar_y4
6.492489e-004 0 -1
-9.805004e-001 2.480302e-001 
1
2
11 26 8 10 0 -1
13 28 4 10 0 2
tilted_haar_x4
-5.250271e-004 0 -1
9.600844e-001 -9.978116e-001 
1
2
15 8 9 2 0 -1
15 9 9 1 0 2
haar_y2
2.573380e-005 0 -1
-9.210384e-001 4.916311e-001 
1
2
8 24 14 8 0 -1
6 26 14 4 0 2
tilted_haar_y4
6.364506e-004 0 -1
-9.806682e-001 8.718519e-001 
1
2
22 0 2 2 0 -1
22 0 1 2 0 2
haar_x2
1.575247e-004 0 -1
-9.932182e-001 1.000000e+000 
1
2
0 0 2 1 0 -1
1 0 1 1 0 2
haar_x2
4.772707e-004 0 -1
-1.000000e+000 1.000000e+000 
1
2
22 0 2 1 0 -1
22 0 1 1 0 2
haar_x2
0.000000e+000 0 -1
0.000000e+000 -1.000000e+000 
1
2
0 4 9 32 0 -1
0 12 9 16 0 2
haar_y4
5.863014e-004 0 -1
-9.973758e-001 1.000000e+000 
1
2
22 0 2 1 0 -1
22 0 1 1 0 2
haar_x2
0.000000e+000 0 -1
0.000000e+000 -1.000000e+000 
1
3
4 12 8 24 0 -1
4 12 4 12 0 2
8 24 4 12 0 2
haar_x2_y2
8.348699e-004 0 -1
-1.000000e+000 9.999990e-001 
1
2
22 0 2 1 0 -1
22 0 1 1 0 2
haar_x2
0.000000e+000 0 -1
0.000000e+000 -1.000000e+000 
1
2
0 7 24 20 0 -1
0 12 24 10 0 2
haar_y4
5.615125e-004 0 -1
-9.955616e-001 1.000001e+000 
1
2
22 0 2 1 0 -1
22 0 1 1 0 2
haar_x2
-6.385615e-005 0 -1
1.000000e+000 -1.000000e+000 
1
3
1 3 14 18 0 -1
1 3 7 9 0 2
8 12 7 9 0 2
haar_x2_y2
-1.844915e-003 0 -1
9.516881e-001 -9.928057e-001 
1
2
7 5 10 24 0 -1
7 11 10 12 0 2
haar_y4
4.446660e-003 0 -1
-9.560175e-001 7.509055e-001 
1
2
8 29 6 18 0 -1
10 29 2 18 0 3
haar_x3
1.968636e-004 0 -1
-9.899191e-001 9.999580e-001 
1
2
22 0 2 1 0 -1
22 0 1 1 0 2
haar_x2
2.295157e-005 0 -1
-1.000000e+000 1.000000e+000 
1
2
0 0 2 1 0 -1
1 0 1 1 0 2
haar_x2
0.000000e+000 0 -1
0.000000e+000 -1.000000e+000 
1
2
13 20 1 2 0 -1
13 20 1 1 0 2
tilted_haar_x2
5.369008e-005 0 -1
-9.647689e-001 8.753256e-001 
1
2
3 16 16 2 0 -1
7 16 8 2 0 2
haar_x4
-2.937602e-004 0 -1
1.000000e+000 -1.000000e+000 
1
2
15 25 6 15 0 -1
17 27 2 15 0 3
tilted_haar_y3
1.234470e-003 0 -1
-9.857790e-001 4.471732e-001 
1
2
0 4 3 26 0 -1
1 4 1 26 0 3
haar_x3
-8.791452e-005 0 -1
1.000000e+000 -1.000000e+000 
1
2
20 5 4 2 0 -1
20 6 4 1 0 2
haar_y2
-1.533914e-004 0 -1
7.526053e-001 -9.146737e-001 
1
2
1 2 8 12 0 -1
1 6 8 4 0 3
haar_y3
7.187029e-005 0 -1
-9.214660e-001 9.137735e-001 
1
2
9 19 6 4 0 -1
11 19 2 4 0 3
haar_x3
1.815397e-005 0 -1
-9.845001e-001 9.421195e-001 
1
2
0 0 2 4 0 -1
0 1 2 2 0 2
haar_y4
-1.598446e-005 0 -1
1.000000e+000 -1.000000e+000 
1
2
22 21 2 12 0 -1
22 21 2 6 0 2
tilted_haar_x2
1.921920e-003 0 -1
-9.423569e-001 5.522017e-001 
1
2
10 10 2 9 0 -1
10 10 1 9 0 2
tilted_haar_x2
-2.668264e-004 0 -1
1.000000e+000 -1.000001e+000 
1
3
9 44 14 2 0 -1
16 44 7 1 0 2
9 45 7 1 0 2
haar_x2_y2
4.698911e-004 0 -1
-9.533681e-001 7.143645e-001 
1
2
4 13 3 22 0 -1
5 13 1 22 0 3
haar_x3
-3.630795e-005 0 -1
1.000000e+000 -9.936855e-001 
1
2
15 7 6 4 0 -1
15 9 6 2 0 2
haar_y2
1.981361e-005 0 -1
-8.764661e-001 2.247461e-001 
1
2
0 8 8 4 0 -1
0 10 8 2 0 2
haar_y2
1.369902e-004 0 -1
-1.000000e+000 7.200993e-001 
1
2
19 21 4 4 0 -1
18 22 4 2 0 2
tilted_haar_x4
-5.262442e-004 0 -1
-4.038030e-002 -9.872484e-001 
1
2
9 21 4 6 0 -1
7 23 4 2 0 3
tilted_haar_y3
2.515617e-004 0 -1
-9.385151e-001 9.185200e-001 
1
3
6 39 16 2 0 -1
14 39 8 1 0 2
6 40 8 1 0 2
haar_x2_y2
5.108492e-005 0 -1
-9.700319e-001 6.803193e-001 
1
2
0 7 16 2 0 -1
4 7 8 2 0 2
haar_x4
5.102176e-004 0 -1
-1.000000e+000 1.000012e+000 
1
2
22 0 2 1 0 -1
22 0 1 1 0 2
haar_x2
0.000000e+000 0 -1
0.000000e+000 -1.000000e+000 
1
2
5 1 4 24 0 -1
5 7 4 12 0 2
haar_y4
2.561328e-004 0 -1
-1.000000e+000 1.000010e+000 
1
2
22 0 2 1 0 -1
22 0 1 1 0 2
haar_x2
0.000000e+000 0 -1
0.000000e+000 -1.000000e+000 
1
2
6 37 3 9 0 -1
7 40 1 3 0 9
haar_point
1.787972e-004 0 -1
-9.964169e-001 9.193103e-001 
1
2
8 0 16 4 0 -1
12 0 8 4 0 2
haar_x4
-2.968899e-003 0 -1
-4.624682e-002 -9.999999e-001 
1
2
0 2 9 16 0 -1
0 10 9 8 0 2
haar_y2
2.356659e-003 0 -1
-1.000000e+000 9.023034e-001 
1
2
18 0 6 20 0 -1
20 0 2 20 0 3
haar_x3
2.970048e-003 0 -1
-9.939420e-001 3.531192e-001 
1
2
3 19 9 3 0 -1
6 22 3 3 0 3
tilted_haar_x3
1.243356e-003 0 -1
-1.000000e+000 1.000034e+000 
1
2
22 0 2 1 0 -1
22 0 1 1 0 2
haar_x2
0.000000e+000 0 -1
0.000000e+000 -1.000000e+000 
1
2
6 22 6 13 0 -1
9 22 3 13 0 2
haar_x2
2.545756e-004 0 -1
-1.000000e+000 1.000046e+000 
1
2
22 0 2 1 0 -1
22 0 1 1 0 2
haar_x2
0.000000e+000 0 -1
0.000000e+000 -1.000000e+000 
1
2
0 7 24 20 0 -1
0 12 24 10 0 2
haar_y4
7.436060e-004 0 -1
-1.000000e+000 9.148107e-001 
1
2
6 0 16 34 0 -1
10 0 8 34 0 2
haar_x4
-4.112948e-002 0 -1
-4.416157e-002 -9.999999e-001 
1
2
0 8 6 20 0 -1
0 13 6 10 0 2
haar_y4
4.925631e-005 0 -1
-9.919147e-001 8.537139e-001 
1
2
22 0 2 31 0 -1
22 0 1 31 0 2
haar_x2
-8.812807e-004 0 -1
2.029244e-001 -9.975054e-001 
1
2
3 11 13 27 0 -1
3 20 13 9 0 3
haar_y3
-3.190761e-004 0 -1
8.709638e-001 -9.925523e-001 
1
2
14 41 2 4 0 -1
14 41 1 4 0 2
haar_x2
3.504376e-005 0 -1
-8.534235e-001 8.914507e-001 
1
2
2 4 22 1 0 -1
2 4 11 1 0 2
tilted_haar_x2
-3.442735e-004 0 -1
8.798261e-001 -9.955063e-001 
1
2
16 40 3 6 0 -1
17 42 1 2 0 9
haar_point
4.396068e-005 0 -1
-9.150510e-001 5.691901e-001 
1
2
0 31 4 4 0 -1
1 31 2 4 0 2
haar_x4
1.405317e-005 0 -1
-9.897062e-001 8.440293e-001 
1
2
21 2 1 4 0 -1
21 4 1 2 0 2
haar_y2
-1.378968e-004 0 -1
7.598242e-001 -9.906048e-001 
1
2
1 8 4 4 0 -1
1 10 4 2 0 2
haar_y2
1.090513e-004 0 -1
-9.859912e-001 8.559829e-001 
1
3
9 2 6 22 0 -1
12 2 3 11 0 2
9 13 3 11 0 2
haar_x2_y2
5.324100e-004 0 -1
-1.000000e+000 1.000000e+000 
1
2
0 0 2 1 0 -1
1 0 1 1 0 2
haar_x2
0.000000e+000 0 -1
0.000000e+000 -1.000000e+000 
1
2
13 6 4 10 0 -1
13 11 4 5 0 2
haar_y2
7.547810e-004 0 -1
-9.829341e-001 8.562987e-001 
1
2
0 4 6 15 0 -1
0 9 6 5 0 3
haar_y3
1.131236e-003 0 -1
-1.000000e+000 1.001768e+000 
1
2
22 0 2 1 0 -1
22 0 1 1 0 2
haar_x2
0.000000e+000 0 -1
0.000000e+000 -1.000000e+000 
1
2
4 26 9 6 0 -1
7 28 3 2 0 9
haar_point
4.965195e-005 0 -1
-9.987026e-001 1.000056e+000 
1
3
20 0 4 38 0 -1
22 0 2 19 0 2
20 19 2 19 0 2
haar_x2_y2
-5.679441e-003 0 -1
1.000000e+000 -1.000000e+000 
1
2
11 35 6 1 0 -1
13 37 2 1 0 3
tilted_haar_x3
1.274169e-003 0 -1
-9.998094e-001 9.121989e-001 
1
2
3 15 21 27 0 -1
10 24 7 9 0 9
haar_point
4.989024e-002 0 -1
-1.000000e+000 1.000000e+000 
1
2
0 0 2 1 0 -1
1 0 1 1 0 2
haar_x2
0.000000e+000 0 -1
0.000000e+000 -1.000000e+000 
1
2
2 2 22 27 0 -1
2 11 22 9 0 3
haar_y3
2.677710e-003 0 -1
-9.996153e-001 1.000000e+000 
1
2
0 0 15 15 0 -1
5 5 5 5 0 9
haar_point
1.969274e-002 0 -1
-1.000000e+000 1.088054e+000 
1
2
22 0 2 1 0 -1
22 0 1 1 0 2
haar_x2
0.000000e+000 0 -1
0.000000e+000 -1.000000e+000 
1
2
0 0 2 1 0 -1
1 0 1 1 0 2
haar_x2
0.000000e+000 0 -1
0.000000e+000 -1.000000e+000 
1
2
22 0 2 1 0 -1
22 0 1 1 0 2
haar_x2
0.000000e+000 0 -1
0.000000e+000 -1.000000e+000 
1
2
0 0 2 1 0 -1
1 0 1 1 0 2
haar_x2
0.000000e+000 0 -1
0.000000e+000 -1.000000e+000 
1
2
21 0 3 9 0 -1
22 3 1 3 0 9
haar_point
1.131447e-003 0 -1
-9.304455e-001 1.000000e+000 
1
2
0 0 3 9 0 -1
1 3 1 3 0 9
haar_point
-4.458426e-003 0 -1
1.000000e+000 -1.000000e+000 
1
2
5 0 19 24 0 -1
5 6 19 12 0 2
haar_y4
1.038103e-002 0 -1
-9.649728e-001 1.000000e+000 
1
2
0 0 3 1 0 -1
1 0 1 1 0 3
haar_x3
-5.336786e-005 0 -1
1.000000e+000 -1.000000e+000 
1
3
11 12 10 8 0 -1
16 12 5 4 0 2
11 16 5 4 0 2
haar_x2_y2
-3.240757e-004 0 -1
1.000000e+000 -8.975807e-001 
1
2
6 39 3 6 0 -1
7 41 1 2 0 9
haar_point
9.176124e-005 0 -1
-1.000000e+000 9.999996e-001 
1
2
0 0 24 1 0 -1
0 0 12 1 0 2
haar_x2
5.133631e-005 0 -1
-1.000000e+000 1.000000e+000 
1
2
0 0 2 1 0 -1
1 0 1 1 0 2
haar_x2
0.000000e+000 0 -1
0.000000e+000 -1.000000e+000 
1
2
14 8 1 27 0 -1
14 17 1 9 0 3
haar_y3
-4.756865e-004 0 -1
1.000000e+000 -9.319884e-001 
1
2
9 10 1 24 0 -1
9 16 1 12 0 2
haar_y4
-1.716014e-004 0 -1
1.000000e+000 -1.000000e+000 
1
2
5 10 19 4 0 -1
5 12 19 2 0 2
haar_y2
1.873809e-003 0 -1
-8.580069e-001 9.999996e-001 
1
2
2 0 1 10 0 -1
2 5 1 5 0 2
haar_y2
9.526202e-005 0 -1
-1.000000e+000 1.000000e+000 
1
2
22 0 2 1 0 -1
22 0 1 1 0 2
haar_x2
0.000000e+000 0 -1
0.000000e+000 -1.000000e+000 
1
2
0 0 1 3 0 -1
0 1 1 1 0 3
haar_y3
-1.830803e-005 0 -1
1.000000e+000 -1.000000e+000 
1
2
22 22 2 14 0 -1
22 22 2 7 0 2
tilted_haar_x2
-3.984560e-004 0 -1
1.000000e+000 -8.219287e-001 
1
2
3 6 12 3 0 -1
6 9 6 3 0 2
tilted_haar_x4
5.369016e-004 0 -1
-1.000000e+000 9.774530e-001 
1
2
16 12 4 6 0 -1
14 14 4 2 0 3
tilted_haar_x3
-9.271267e-004 0 -1
1.000000e+000 -9.681487e-001 
1
2
2 1 1 4 0 -1
2 2 1 2 0 2
haar_y4
-1.144009e-005 0 -1
1.000000e+000 -9.819707e-001 
1
2
10 8 6 12 0 -1
10 12 6 4 0 3
haar_y3
1.190775e-004 0 -1
-8.350296e-001 9.565090e-001 
1
2
6 42 4 3 0 -1
8 42 2 3 0 2
haar_x2
-1.593418e-005 0 -1
1.000000e+000 -9.893550e-001 
1
2
15 26 6 2 0 -1
17 26 2 2 0 3
haar_x3
-8.976244e-004 0 -1
7.608609e-001 -7.948167e-001 
1
3
11 11 2 10 0 -1
11 11 1 5 0 2
12 16 1 5 0 2
haar_x2_y2
2.868712e-005 0 -1
-9.685629e-001 8.824428e-001 
1
2
18 1 5 4 0 -1
18 3 5 2 0 2
haar_y2
9.387825e-005 0 -1
-9.025836e-001 6.742604e-001 
1
2
0 2 7 2 0 -1
0 3 7 1 0 2
haar_y2
7.187029e-006 0 -1
-1.000000e+000 9.350248e-001 
1
2
22 0 2 1 0 -1
22 0 1 1 0 2
haar_x2
-5.640541e-005 0 -1
0.000000e+000 -1.000000e+000 
1
3
0 0 4 48 0 -1
0 0 2 24 0 2
2 24 2 24 0 2
haar_x2_y2
-1.760822e-003 0 -1
1.000000e+000 -1.000000e+000 
1
2
10 22 6 24 0 -1
10 28 6 12 0 2
haar_y4
3.024762e-002 0 -1
-9.246659e-001 1.000000e+000 
1
2
0 0 1 42 0 -1
0 21 1 21 0 2
haar_y2
4.192190e-003 0 -1
-1.000000e+000 1.000000e+000 
1
2
22 0 2 1 0 -1
22 0 1 1 0 2
haar_x2
0.000000e+000 0 -1
0.000000e+000 -1.000000e+000 
1
3
0 0 2 10 0 -1
0 0 1 5 0 2
1 5 1 5 0 2
haar_x2_y2
-1.267902e-005 0 -1
1.000000e+000 -1.000000e+000 
1
3
22 0 2 12 0 -1
23 0 1 6 0 2
22 6 1 6 0 2
haar_x2_y2
-1.763838e-005 0 -1
8.320698e-001 -9.074076e-001 
1
2
2 9 10 4 0 -1
2 11 10 2 0 2
haar_y2
4.849007e-004 0 -1
-9.653708e-001 1.000000e+000 
1
2
12 35 3 10 0 -1
13 35 1 10 0 3
haar_x3
-6.134063e-004 0 -1
8.189667e-001 -9.163195e-001 
1
2
1 10 3 2 0 -1
1 11 3 1 0 2
haar_y2
1.283408e-005 0 -1
-9.856613e-001 9.413736e-001 
1
2
12 34 3 11 0 -1
13 34 1 11 0 3
haar_x3
4.180538e-005 0 -1
-9.695902e-001 7.534045e-001 
1
2
0 0 1 2 0 -1
0 1 1 1 0 2
haar_y2
4.007541e-005 0 -1
-1.000000e+000 1.000000e+000 
1
2
22 0 2 1 0 -1
22 0 1 1 0 2
haar_x2
0.000000e+000 0 -1
0.000000e+000 -1.000000e+000 
1
2
0 0 5 3 0 -1
0 1 5 1 0 3
haar_y3
3.962721e-005 0 -1
-1.000000e+000 1.000000e+000 
1
2
22 0 2 1 0 -1
22 0 1 1 0 2
haar_x2
0.000000e+000 0 -1
0.000000e+000 -1.000000e+000 
1
2
8 8 13 2 0 -1
8 8 13 1 0 2
tilted_haar_y2
-2.805279e-004 0 -1
1.000000e+000 -1.000000e+000 
1
2
14 4 10 10 0 -1
14 9 10 5 0 2
haar_y2
2.395202e-003 0 -1
-9.195635e-001 1.000000e+000 
1
3
0 0 2 4 0 -1
0 0 1 2 0 2
1 2 1 2 0 2
haar_x2_y2
1.598648e-005 0 -1
-1.000000e+000 1.000000e+000 
1
2
22 0 2 1 0 -1
22 0 1 1 0 2
haar_x2
0.000000e+000 0 -1
0.000000e+000 -1.000000e+000 
1
2
0 0 2 2 0 -1
0 1 2 1 0 2
haar_y2
-2.566816e-005 0 -1
1.000000e+000 -1.000000e+000 
1
2
18 2 1 3 0 -1
18 3 1 1 0 3
haar_y3
1.144009e-005 0 -1
-8.383771e-001 1.000000e+000 
1
2
0 0 14 8 0 -1
0 2 14 4 0 2
haar_y4
1.274860e-003 0 -1
-1.000000e+000 1.000000e+000 
1
2
22 0 2 1 0 -1
22 0 1 1 0 2
haar_x2
0.000000e+000 0 -1
0.000000e+000 -1.000000e+000 
1
2
0 0 5 3 0 -1
0 1 5 1 0 3
haar_y3
-3.509453e-005 0 -1
1.000000e+000 -1.000000e+000 
1
3
8 2 12 12 0 -1
14 2 6 6 0 2
8 8 6 6 0 2
haar_x2_y2
4.747737e-003 0 -1
-8.873934e-001 1.000000e+000 
1
2
0 0 3 12 0 -1
0 3 3 6 0 2
haar_y4
-4.396068e-005 0 -1
1.000000e+000 -1.000000e+000 
1
3
8 8 16 14 0 -1
16 8 8 7 0 2
8 15 8 7 0 2
haar_x2_y2
-5.925048e-004 0 -1
1.000000e+000 -9.446391e-001 
1
3
4 11 6 8 0 -1
4 11 3 4 0 2
7 15 3 4 0 2
haar_x2_y2
-4.292860e-004 0 -1
1.000000e+000 -1.000000e+000 
1
2
20 2 1 32 0 -1
20 10 1 16 0 2
haar_y4
1.579254e-004 0 -1
-8.575625e-001 8.486743e-001 
1
2
2 15 18 30 0 -1
2 30 18 15 0 2
haar_y2
-2.054583e-003 0 -1
1.000000e+000 -1.000000e+000 
1
2
11 11 2 9 0 -1
11 14 2 3 0 3
haar_y3
2.519725e-004 0 -1
-9.873684e-001 9.139130e-001 
1
2
7 34 3 6 0 -1
8 35 1 6 0 3
tilted_haar_x3
-3.978529e-005 0 -1
1.000000e+000 -1.000000e+000 
1
2
15 15 2 2 0 -1
15 15 1 2 0 2
tilted_haar_y2
-6.385615e-005 0 -1
2.597685e-001 -9.261315e-001 
1
2
9 16 2 2 0 -1
9 16 2 1 0 2
tilted_haar_y2
-1.070512e-004 0 -1
9.305404e-001 -9.453955e-001 
1
2
21 20 1 3 0 -1
20 21 1 1 0 3
tilted_haar_x3
1.006074e-004 0 -1
-6.287462e-001 3.492157e-001 
1
2
2 0 3 29 0 -1
3 0 1 29 0 3
haar_x3
2.003265e-004 0 -1
-9.394957e-001 8.054617e-001 
1
2
22 22 2 8 0 -1
22 22 1 8 0 2
haar_x2
-4.386817e-005 0 -1
3.147774e-001 -9.282177e-001 
1
2
0 13 8 2 0 -1
0 14 8 1 0 2
haar_y2
1.019569e-005 0 -1
-9.544581e-001 6.415915e-001 
1
2
20 18 1 4 0 -1
20 20 1 2 0 2
haar_y2
3.901452e-004 0 -1
-8.010601e-001 1.000000e+000 
1
2
8 32 6 2 0 -1
10 34 2 2 0 3
tilted_haar_x3
3.263461e-005 0 -1
-9.915699e-001 1.000000e+000 
1
2
22 0 2 1 0 -1
22 0 1 1 0 2
haar_x2
0.000000e+000 0 -1
0.000000e+000 -1.000000e+000 
1
2
0 0 19 4 0 -1
0 1 19 2 0 2
haar_y4
-3.674222e-004 0 -1
1.000000e+000 -1.000000e+000 
1
2
21 12 3 4 0 -1
21 13 3 2 0 2
haar_y4
2.955379e-005 0 -1
-8.803813e-001 8.285492e-001 
1
2
1 31 8 17 0 -1
3 31 4 17 0 2
haar_x4
-3.831369e-005 0 -1
1.000000e+000 -1.000000e+000 
1
2
16 6 6 13 0 -1
16 6 3 13 0 2
tilted_haar_y2
-3.940505e-004 0 -1
8.254696e-001 -8.684288e-001 
1
2
7 7 3 2 0 -1
7 8 3 1 0 2
haar_y2
8.760940e-006 0 -1
-9.255533e-001 9.737992e-001 
1
2
20 7 2 17 0 -1
20 7 1 17 0 2
tilted_haar_y2
-1.644164e-004 0 -1
6.122705e-001 -9.382139e-001 
1
2
4 39 2 2 0 -1
4 39 1 2 0 2
tilted_haar_x2
-6.189601e-005 0 -1
9.471647e-001 -9.412187e-001 
1
3
0 22 24 26 0 -1
12 22 12 13 0 2
0 35 12 13 0 2
haar_x2_y2
1.801233e-003 0 -1
-8.637816e-001 8.497470e-001 
1
3
0 3 4 4 0 -1
0 3 2 2 0 2
2 5 2 2 0 2
haar_x2_y2
1.830803e-005 0 -1
-9.594403e-001 9.454560e-001 
1
3
16 9 8 12 0 -1
20 9 4 6 0 2
16 15 4 6 0 2
haar_x2_y2
-5.692100e-003 0 -1
1.000000e+000 -9.945580e-001 
1
2
6 30 6 1 0 -1
6 30 3 1 0 2
tilted_haar_x2
-1.277123e-005 0 -1
9.404624e-001 -9.757770e-001 
1
2
8 8 16 4 0 -1
8 9 16 2 0 2
haar_y4
2.784970e-004 0 -1
-8.452131e-001 7.587140e-001 
1
2
5 18 10 4 0 -1
4 19 10 2 0 2
tilted_haar_y4
1.598648e-004 0 -1
-1.000000e+000 9.028997e-001 
1
2
21 0 3 24 0 -1
22 8 1 8 0 9
haar_point
-1.044136e-003 0 -1
1.000000e+000 -9.884912e-001 
1
2
1 35 4 8 0 -1
2 35 2 8 0 2
haar_x4
-2.554246e-005 0 -1
1.000000e+000 -9.848735e-001 
1
2
15 19 5 4 0 -1
15 21 5 2 0 2
haar_y2
-6.174916e-005 0 -1
4.843540e-001 -8.593454e-001 
1
2
7 17 6 3 0 -1
7 17 3 3 0 2
tilted_haar_x2
1.660775e-003 0 -1
-8.979383e-001 8.320927e-001 
1
2
13 28 6 2 0 -1
15 28 2 2 0 3
haar_x3
5.492408e-005 0 -1
-8.700510e-001 2.467463e-001 
1
2
9 26 3 3 0 -1
10 27 1 3 0 3
tilted_haar_x3
5.727666e-005 0 -1
-9.470392e-001 9.999992e-001 
1
3
22 2 2 16 0 -1
23 2 1 8 0 2
22 10 1 8 0 2
haar_x2_y2
-2.554246e-005 0 -1
8.226608e-001 -9.698397e-001 
1
2
0 0 7 48 0 -1
0 16 7 16 0 3
haar_y3
9.461110e-003 0 -1
-9.914523e-001 1.000000e+000 
1
2
20 30 4 1 0 -1
21 30 2 1 0 2
haar_x4
-5.233019e-004 0 -1
1.000000e+000 -9.716682e-001 
1
2
3 0 1 20 0 -1
3 10 1 10 0 2
haar_y2
3.411391e-004 0 -1
-9.948728e-001 9.591691e-001 
1
2
20 30 4 1 0 -1
21 30 2 1 0 2
haar_x4
5.775144e-004 0 -1
-9.817376e-001 6.474778e-001 
1
2
0 0 1 2 0 -1
0 1 1 1 0 2
haar_y2
8.334657e-005 0 -1
-1.000000e+000 1.000005e+000 
1
2
22 0 2 1 0 -1
22 0 1 1 0 2
haar_x2
0.000000e+000 0 -1
0.000000e+000 -1.000000e+000 
1
3
0 0 2 14 0 -1
0 0 1 7 0 2
1 7 1 7 0 2
haar_x2_y2
3.661606e-005 0 -1
-1.000000e+000 1.000000e+000 
1
2
22 0 2 1 0 -1
22 0 1 1 0 2
haar_x2
0.000000e+000 0 -1
0.000000e+000 -1.000000e+000 
1
2
0 0 3 42 0 -1
1 14 1 14 0 9
haar_point
9.330375e-003 0 -1
-1.000000e+000 1.000000e+000 
1
2
22 0 2 1 0 -1
22 0 1 1 0 2
haar_x2
0.000000e+000 0 -1
0.000000e+000 -1.000000e+000 
1
2
0 0 17 4 0 -1
0 2 17 2 0 2
haar_y2
2.008099e-004 0 -1
-1.000000e+000 1.000000e+000 
1
2
22 0 2 1 0 -1
22 0 1 1 0 2
haar_x2
0.000000e+000 0 -1
0.000000e+000 -1.000000e+000 
1
2
0 0 2 1 0 -1
1 0 1 1 0 2
haar_x2
1.283408e-005 0 -1
-1.000000e+000 1.000000e+000 
1
2
22 0 2 1 0 -1
22 0 1 1 0 2
haar_x2
0.000000e+000 0 -1
0.000000e+000 -1.000000e+000 
1
2
0 0 2 1 0 -1
1 0 1 1 0 2
haar_x2
-1.601613e-004 0 -1
1.000000e+000 -1.000000e+000 
1
2
16 0 8 16 0 -1
16 8 8 8 0 2
haar_y2
4.331755e-003 0 -1
-9.548608e-001 1.000000e+000 
1
2
0 0 2 1 0 -1
1 0 1 1 0 2
haar_x2
-1.601613e-004 0 -1
1.000000e+000 -1.000000e+000 
1
3
12 26 6 20 0 -1
15 26 3 10 0 2
12 36 3 10 0 2
haar_x2_y2
-7.515136e-004 0 -1
1.000000e+000 -7.708465e-001 
1
2
7 5 4 7 0 -1
7 5 2 7 0 2
tilted_haar_x2
-4.121204e-004 0 -1
1.000000e+000 -1.000000e+000 
1
3
5 28 18 20 0 -1
14 28 9 10 0 2
5 38 9 10 0 2
haar_x2_y2
9.055820e-003 0 -1
-7.061961e-001 1.000000e+000 
1
2
2 22 21 2 0 -1
9 29 7 2 0 3
tilted_haar_x3
9.818254e-003 0 -1
-1.000000e+000 1.000000e+000 
1
3
22 0 2 2 0 -1
23 0 1 1 0 2
22 1 1 1 0 2
haar_x2_y2
8.485852e-005 0 -1
-9.862530e-001 1.000000e+000 
1
2
0 0 2 1 0 -1
1 0 1 1 0 2
haar_x2
0.000000e+000 0 -1
0.000000e+000 -1.000000e+000 
1
2
13 3 11 27 0 -1
13 12 11 9 0 3
haar_y3
4.170207e-003 0 -1
-8.389741e-001 1.000000e+000 
1
3
0 0 6 16 0 -1
0 0 3 8 0 2
3 8 3 8 0 2
haar_x2_y2
2.563124e-004 0 -1
-1.000000e+000 1.000000e+000 
1
2
22 0 2 1 0 -1
22 0 1 1 0 2
haar_x2
0.000000e+000 0 -1
0.000000e+000 -1.000000e+000 
1
2
0 0 3 27 0 -1
1 9 1 9 0 9
haar_point
5.309328e-004 0 -1
-1.000000e+000 1.000000e+000 
1
2
22 0 2 1 0 -1
22 0 1 1 0 2
haar_x2
0.000000e+000 0 -1
0.000000e+000 -1.000000e+000 
1
2
0 0 3 9 0 -1
1 3 1 3 0 9
haar_point
8.335427e-005 0 -1
-1.000000e+000 1.000000e+000 
1
2
22 0 2 1 0 -1
22 0 1 1 0 2
haar_x2
0.000000e+000 0 -1
0.000000e+000 -1.000000e+000 
1
2
0 0 4 7 0 -1
1 0 2 7 0 2
haar_x4
-5.492408e-005 0 -1
1.000000e+000 -1.000000e+000 
1
3
22 0 2 38 0 -1
23 0 1 19 0 2
22 19 1 19 0 2
haar_x2_y2
-9.349543e-004 0 -1
1.000000e+000 -8.329726e-001 
1
2
1 17 16 4 0 -1
9 17 8 4 0 2
haar_x2
-4.654561e-004 0 -1
1.000000e+000 -1.000000e+000 
1
2
16 24 4 10 0 -1
16 24 4 5 0 2
tilted_haar_x2
2.763631e-003 0 -1
-4.197518e-001 9.999998e-001 
1
2
5 0 3 36 0 -1
5 12 3 12 0 3
haar_y3
7.782497e-004 0 -1
-1.000000e+000 1.000000e+000 
1
2
21 0 3 1 0 -1
22 0 1 1 0 3
haar_x3
-1.905240e-004 0 -1
1.000000e+000 -1.000000e+000 
1
2
0 0 2 1 0 -1
1 0 1 1 0 2
haar_x2
0.000000e+000 0 -1
0.000000e+000 -1.000000e+000 
1
2
11 0 4 44 0 -1
11 22 4 22 0 2
haar_y2
8.705910e-003 0 -1
-8.623679e-001 1.000000e+000 
1
2
0 0 1 2 0 -1
0 1 1 1 0 2
haar_y2
-4.198411e-005 0 -1
1.000000e+000 -1.000000e+000 
1
3
14 4 10 18 0 -1
19 4 5 9 0 2
14 13 5 9 0 2
haar_x2_y2
-3.895225e-003 0 -1
1.000000e+000 -8.450826e-001 
1
2
5 0 14 15 0 -1
5 5 14 5 0 3
haar_y3
1.989265e-004 0 -1
-1.000000e+000 1.000000e+000 
1
2
21 0 3 9 0 -1
22 3 1 3 0 9
haar_point
3.336860e-004 0 -1
-9.435373e-001 1.000000e+000 
1
2
0 0 1 2 0 -1
0 1 1 1 0 2
haar_y2
-1.482191e-005 0 -1
1.000000e+000 -1.000000e+000 
1
2
8 0 16 8 0 -1
8 4 16 4 0 2
haar_y2
1.095758e-002 0 -1
-9.804874e-001 1.000000e+000 
1
2
0 0 1 3 0 -1
0 1 1 1 0 3
haar_y3
-3.432028e-005 0 -1
1.000000e+000 -1.000000e+000 
1
3
20 9 4 20 0 -1
22 9 2 10 0 2
20 19 2 10 0 2
haar_x2_y2
-1.873775e-003 0 -1
1.000000e+000 -9.004419e-001 
1
2
0 31 8 5 0 -1
2 31 4 5 0 2
haar_x4
-1.982421e-004 0 -1
1.000000e+000 -1.000000e+000 
1
2
10 21 9 3 0 -1
13 22 3 1 0 9
haar_point
4.461636e-004 0 -1
-5.404105e-001 9.186923e-001 
1
2
1 29 9 7 0 -1
4 29 3 7 0 3
haar_x3
-3.831369e-005 0 -1
1.000000e+000 -1.000000e+000 
1
2
8 38 8 4 0 -1
10 38 4 4 0 2
haar_x4
2.984059e-004 0 -1
-9.807993e-001 1.000000e+000 
1
2
0 13 4 7 0 -1
1 13 2 7 0 2
haar_x4
5.967794e-005 0 -1
-1.000000e+000 9.999987e-001 
1
2
22 0 2 1 0 -1
22 0 1 1 0 2
haar_x2
0.000000e+000 0 -1
0.000000e+000 -1.000000e+000 
1
2
0 0 4 2 0 -1
0 1 4 1 0 2
haar_y2
1.316842e-005 0 -1
-1.000000e+000 1.000000e+000 
1
2
22 0 2 1 0 -1
22 0 1 1 0 2
haar_x2
0.000000e+000 0 -1
0.000000e+000 -1.000000e+000 
1
2
0 0 3 15 0 -1
1 5 1 5 0 9
haar_point
-3.381750e-004 0 -1
1.000000e+000 -1.000000e+000 
1
2
3 17 18 2 0 -1
9 17 6 2 0 3
haar_x3
-3.708963e-004 0 -1
1.000000e+000 -1.000000e+000 
1
2
6 42 2 4 0 -1
5 43 2 2 0 2
tilted_haar_y4
-2.828617e-005 0 -1
1.000000e+000 -1.000000e+000 
1
2
20 38 4 2 0 -1
21 39 2 2 0 2
tilted_haar_y4
8.005179e-005 0 -1
-7.734976e-001 4.722281e-001 
1
2
7 20 7 6 0 -1
5 22 7 2 0 3
tilted_haar_y3
5.657235e-005 0 -1
-1.000000e+000 9.224476e-001 
1
2
16 20 8 28 0 -1
18 20 4 28 0 2
haar_x4
4.004233e-003 0 -1
-9.904955e-001 1.000000e+000 
1
2
0 0 2 1 0 -1
1 0 1 1 0 2
haar_x2
0.000000e+000 0 -1
0.000000e+000 -1.000000e+000 
1
2
11 21 6 24 0 -1
11 21 3 24 0 2
haar_x2
-1.115149e-003 0 -1
1.000000e+000 -8.730448e-001 
1
2
0 21 16 27 0 -1
8 21 8 27 0 2
haar_x2
-1.191488e-003 0 -1
9.449486e-001 -1.000000e+000 
1
2
15 30 3 12 0 -1
12 33 3 6 0 2
tilted_haar_x4
1.237832e-003 0 -1
-5.966504e-001 6.685475e-001 
1
2
3 0 8 24 0 -1
3 8 8 8 0 3
haar_y3
3.644967e-003 0 -1
-9.880731e-001 9.656624e-001 
1
2
14 1 1 12 0 -1
14 5 1 4 0 3
haar_y3
6.772891e-004 0 -1
-9.894793e-001 7.645774e-001 
1
2
0 0 4 1 0 -1
1 0 2 1 0 2
haar_x4
-1.377094e-004 0 -1
1.000000e+000 -1.000000e+000 
1
2
2 46 20 2 0 -1
2 46 10 2 0 2
haar_x2
3.831369e-005 0 -1
-1.000000e+000 1.000000e+000 
1
3
0 0 2 4 0 -1
0 0 1 2 0 2
1 2 1 2 0 2
haar_x2_y2
-2.566816e-005 0 -1
1.000000e+000 -1.000000e+000 
1
2
11 40 2 4 0 -1
11 40 1 4 0 2
haar_x2
-4.795944e-005 0 -1
9.399300e-001 -1.000000e+000 
1
2
10 13 3 5 0 -1
11 14 1 5 0 3
tilted_haar_x3
9.560085e-005 0 -1
-9.712554e-001 1.000000e+000 
1
3
16 0 8 18 0 -1
20 0 4 9 0 2
16 9 4 9 0 2
haar_x2_y2
1.183394e-002 0 -1
-9.946632e-001 1.000000e+000 
1
2
3 4 1 12 0 -1
3 10 1 6 0 2
haar_y2
1.787972e-004 0 -1
-9.869415e-001 1.000000e+000 
1
2
20 0 4 3 0 -1
20 1 4 1 0 3
haar_y3
-1.593348e-004 0 -1
1.000000e+000 -9.869496e-001 
1
3
5 25 10 10 0 -1
5 25 5 5 0 2
10 30 5 5 0 2
haar_x2_y2
6.154017e-004 0 -1
-9.935965e-001 9.241116e-001 
1
2
14 0 10 5 0 -1
14 0 5 5 0 2
haar_x2
5.716115e-005 0 -1
-9.929016e-001 1.000000e+000 
1
2
0 0 2 1 0 -1
1 0 1 1 0 2
haar_x2
0.000000e+000 0 -1
0.000000e+000 -1.000000e+000 
1
2
3 15 18 3 0 -1
9 16 6 1 0 9
haar_point
-5.267368e-005 0 -1
1.000000e+000 -1.000000e+000 
1
2
6 23 12 8 0 -1
6 25 12 4 0 2
haar_y4
5.600085e-004 0 -1
-9.751807e-001 9.999992e-001 
1
3
14 3 10 22 0 -1
19 3 5 11 0 2
14 14 5 11 0 2
haar_x2_y2
-1.911750e-003 0 -1
1.000000e+000 -9.921800e-001 
1
2
7 34 6 1 0 -1
9 34 2 1 0 3
haar_x3
1.544552e-004 0 -1
-9.927304e-001 9.999995e-001 
1
2
12 0 12 9 0 -1
16 3 4 3 0 9
haar_point
-5.757078e-003 0 -1
5.652636e-001 -9.865994e-001 
1
2
5 13 8 4 0 -1
7 15 4 4 0 2
tilted_haar_x4
7.993240e-005 0 -1
-1.000000e+000 9.496871e-001 
1
2
14 0 10 3 0 -1
14 1 10 1 0 3
haar_y3
-4.795944e-005 0 -1
3.530271e-001 -1.000000e+000 
1
2
5 2 8 12 0 -1
9 2 4 12 0 2
haar_x2
-2.807837e-003 0 -1
1.000000e+000 -1.000000e+000 
1
2
15 0 4 22 0 -1
15 0 2 22 0 2
haar_x2
2.003771e-005 0 -1
-8.211232e-001 4.766151e-001 
1
2
7 7 3 3 0 -1
7 8 3 1 0 3
haar_y3
2.409423e-004 0 -1
-9.882902e-001 9.474104e-001 
1
2
23 0 1 2 0 -1
23 1 1 1 0 2
haar_y2
7.620961e-004 0 -1
-9.705133e-001 1.000000e+000 
1
2
0 0 2 1 0 -1
1 0 1 1 0 2
haar_x2
0.000000e+000 0 -1
0.000000e+000 -1.000000e+000 
1
2
15 4 9 10 0 -1
15 9 9 5 0 2
haar_y2
1.067357e-003 0 -1
-8.653513e-001 1.000000e+000 
1
2
0 0 3 6 0 -1
1 2 1 2 0 9
haar_point
-1.401750e-004 0 -1
1.000000e+000 -1.000000e+000 
1
2
5 20 15 9 0 -1
10 23 5 3 0 9
haar_point
-1.430011e-003 0 -1
1.000000e+000 -9.499804e-001 
1
2
0 12 13 8 0 -1
0 14 13 4 0 2
haar_y4
2.015016e-004 0 -1
-9.743044e-001 9.765564e-001 
1
3
21 5 2 14 0 -1
22 5 1 7 0 2
21 12 1 7 0 2
haar_x2_y2
-7.323211e-005 0 -1
4.485599e-001 -9.647056e-001 
1
2
0 2 3 45 0 -1
1 17 1 15 0 9
haar_point
5.674483e-004 0 -1
-9.610879e-001 9.999997e-001 
1
3
12 1 12 14 0 -1
18 1 6 7 0 2
12 8 6 7 0 2
haar_x2_y2
7.849922e-003 0 -1
-9.538525e-001 7.864008e-001 
1
3
0 0 2 10 0 -1
0 0 1 5 0 2
1 5 1 5 0 2
haar_x2_y2
1.989264e-005 0 -1
-1.000000e+000 1.000000e+000 
1
2
22 0 2 1 0 -1
22 0 1 1 0 2
haar_x2
0.000000e+000 0 -1
0.000000e+000 -1.000000e+000 
1
2
0 0 1 2 0 -1
0 1 1 1 0 2
haar_y2
3.186695e-005 0 -1
-1.000000e+000 1.000000e+000 
1
2
22 0 2 1 0 -1
22 0 1 1 0 2
haar_x2
0.000000e+000 0 -1
0.000000e+000 -1.000000e+000 
1
2
0 0 5 6 0 -1
0 2 5 2 0 3
haar_y3
5.720046e-005 0 -1
-1.000000e+000 1.000000e+000 
1
2
22 0 2 1 0 -1
22 0 1 1 0 2
haar_x2
0.000000e+000 0 -1
0.000000e+000 -1.000000e+000 
1
2
0 0 3 1 0 -1
1 0 1 1 0 3
haar_x3
1.830803e-005 0 -1
-1.000000e+000 1.000000e+000 
1
2
22 0 2 1 0 -1
22 0 1 1 0 2
haar_x2
0.000000e+000 0 -1
0.000000e+000 -1.000000e+000 
1
2
0 0 3 30 0 -1
1 10 1 10 0 9
haar_point
2.387117e-004 0 -1
-1.000000e+000 1.000000e+000 
1
2
22 0 2 1 0 -1
22 0 1 1 0 2
haar_x2
0.000000e+000 0 -1
0.000000e+000 -1.000000e+000 
1
2
0 0 2 1 0 -1
1 0 1 1 0 2
haar_x2
1.283408e-005 0 -1
-1.000000e+000 1.000000e+000 
1
2
22 0 2 1 0 -1
22 0 1 1 0 2
haar_x2
0.000000e+000 0 -1
0.000000e+000 -1.000000e+000 
1
2
0 0 3 15 0 -1
1 5 1 5 0 9
haar_point
-3.381750e-004 0 -1
1.000000e+000 -1.000000e+000 
1
2
13 0 1 12 0 -1
13 0 1 6 0 2
tilted_haar_x2
-2.050680e-003 0 -1
1.000000e+000 -8.880978e-001 
1
2
0 25 2 20 0 -1
1 25 1 20 0 2
haar_x2
-1.989264e-005 0 -1
1.000000e+000 -1.000000e+000 
1
2
23 7 1 6 0 -1
23 7 1 3 0 2
tilted_haar_x2
-4.576037e-005 0 -1
1.000000e+000 -6.527955e-001 
1
2
3 21 14 2 0 -1
3 21 7 2 0 2
tilted_haar_x2
-4.491927e-004 0 -1
1.000000e+000 -1.000000e+000 
1
2
17 6 1 6 0 -1
17 9 1 3 0 2
haar_y2
2.482597e-005 0 -1
-4.404621e-001 9.472439e-001 
1
2
9 17 3 13 0 -1
10 17 1 13 0 3
haar_x3
-2.668393e-005 0 -1
1.000000e+000 -1.000000e+000 
1
3
14 5 6 4 0 -1
17 5 3 2 0 2
14 7 3 2 0 2
haar_x2_y2
1.875353e-004 0 -1
-7.207089e-001 7.981617e-001 
1
2
10 30 12 4 0 -1
14 34 4 4 0 3
tilted_haar_x3
1.159733e-003 0 -1
-1.000000e+000 1.000000e+000 
1
2
20 0 4 2 0 -1
21 0 2 2 0 2
haar_x4
-1.989265e-004 0 -1
-3.560470e-001 -1.000000e+000 
1
2
2 5 8 7 0 -1
4 5 4 7 0 2
haar_x4
-3.212430e-003 0 -1
1.000000e+000 -1.000000e+000 
1
2
17 12 5 12 0 -1
13 16 5 4 0 3
tilted_haar_x3
-5.050134e-003 0 -1
8.256937e-001 -8.110225e-001 
1
2
4 22 12 3 0 -1
10 22 6 3 0 2
haar_x2
2.424237e-004 0 -1
-9.232515e-001 9.999998e-001 
1
3
7 4 12 14 0 -1
13 4 6 7 0 2
7 11 6 7 0 2
haar_x2_y2
5.616479e-003 0 -1
-9.190161e-001 1.000000e+000 
1
3
0 6 16 14 0 -1
0 6 8 7 0 2
8 13 8 7 0 2
haar_x2_y2
-2.424237e-003 0 -1
1.000000e+000 -1.000000e+000 
1
2
15 12 2 5 0 -1
15 12 1 5 0 2
haar_x2
1.013413e-003 0 -1
-8.437330e-001 1.000000e+000 
1
2
10 22 12 2 0 -1
10 22 6 2 0 2
tilted_haar_x2
-1.193190e-003 0 -1
1.000000e+000 -1.000000e+000 
1
3
14 11 4 26 0 -1
16 11 2 13 0 2
14 24 2 13 0 2
haar_x2_y2
2.854794e-004 0 -1
-8.532555e-001 5.954739e-001 
1
3
0 27 8 4 0 -1
0 27 4 2 0 2
4 29 4 2 0 2
haar_x2_y2
-1.598648e-004 0 -1
1.000000e+000 -1.000000e+000 
1
3
14 12 4 20 0 -1
16 12 2 10 0 2
14 22 2 10 0 2
haar_x2_y2
3.112365e-004 0 -1
-8.081594e-001 6.940398e-001 
1
2
5 17 12 2 0 -1
8 17 6 2 0 2
haar_x4
-5.338188e-004 0 -1
1.000000e+000 -1.000000e+000 
1
2
9 28 9 5 0 -1
12 28 3 5 0 3
haar_x3
1.450294e-004 0 -1
-8.245934e-001 5.803385e-001 
1
2
4 30 12 1 0 -1
7 30 6 1 0 2
haar_x4
2.874811e-005 0 -1
-1.000000e+000 9.999995e-001 
1
2
21 0 3 1 0 -1
22 0 1 1 0 3
haar_x3
1.714834e-004 0 -1
-1.000000e+000 1.000000e+000 
1
2
0 3 23 27 0 -1
0 12 23 9 0 3
haar_y3
7.359189e-004 0 -1
-1.000000e+000 1.000000e+000 
1
3
22 0 2 8 0 -1
23 0 1 4 0 2
22 4 1 4 0 2
haar_x2_y2
3.017822e-005 0 -1
-1.000000e+000 -2.028593e-002 
1
2
0 26 12 18 0 -1
4 32 4 6 0 9
haar_point
-1.039121e-002 0 -1
1.000000e+000 -1.000000e+000 
1
2
14 30 3 2 0 -1
15 31 1 2 0 3
tilted_haar_y3
1.454965e-004 0 -1
-8.488466e-001 1.000000e+000 
1
3
4 13 10 4 0 -1
4 13 5 2 0 2
9 15 5 2 0 2
haar_x2_y2
-2.469373e-004 0 -1
1.000000e+000 -1.000000e+000 
1
2
3 15 18 8 0 -1
3 15 9 8 0 2
haar_x2
-2.407579e-003 0 -1
1.000000e+000 -9.794233e-001 
1
2
3 14 1 15 0 -1
3 19 1 5 0 3
haar_y3
5.256564e-005 0 -1
-9.517167e-001 9.999999e-001 
1
2
16 6 5 2 0 -1
16 6 5 1 0 2
tilted_haar_x2
-7.239718e-005 0 -1
8.408897e-001 -9.588401e-001 
1
2
10 23 5 2 0 -1
10 23 5 1 0 2
tilted_haar_y2
-3.197296e-005 0 -1
9.176087e-001 -9.999999e-001 
1
2
22 4 2 10 0 -1
22 4 1 10 0 2
tilted_haar_y2
-8.007591e-004 0 -1
7.396228e-001 -7.704582e-001 
1
2
1 21 9 27 0 -1
4 30 3 9 0 9
haar_point
2.010775e-003 0 -1
-9.267592e-001 9.269397e-001 
1
2
18 8 1 2 0 -1
18 9 1 1 0 2
haar_y2
5.846579e-005 0 -1
-8.189684e-001 6.772947e-001 
1
2
4 5 2 6 0 -1
4 7 2 2 0 3
haar_y3
-3.408648e-005 0 -1
1.000000e+000 -1.000000e+000 
1
2
12 24 6 21 0 -1
14 24 2 21 0 3
haar_x3
3.391319e-003 0 -1
-8.390891e-001 2.740194e-001 
1
2
6 25 6 18 0 -1
8 25 2 18 0 3
haar_x3
9.978299e-005 0 -1
-9.902722e-001 9.196847e-001 
1
2
2 14 21 5 0 -1
9 14 7 5 0 3
haar_x3
-3.412265e-003 0 -1
5.822568e-001 -9.870276e-001 
1
3
2 2 4 26 0 -1
2 2 2 13 0 2
4 15 2 13 0 2
haar_x2_y2
-3.003902e-003 0 -1
9.632939e-001 -9.685918e-001 
1
2
13 4 1 8 0 -1
13 6 1 4 0 2
haar_y4
2.828617e-005 0 -1
-6.823213e-001 4.515995e-001 
1
2
9 1 6 4 0 -1
9 3 6 2 0 2
haar_y2
2.979117e-004 0 -1
-9.755582e-001 8.914305e-001 
1
2
14 21 4 9 0 -1
14 21 2 9 0 2
haar_x2
5.975250e-004 0 -1
-9.453461e-001 6.408834e-001 
1
3
0 2 24 6 0 -1
0 2 12 3 0 2
12 5 12 3 0 2
haar_x2_y2
4.958726e-003 0 -1
-1.000000e+000 1.000000e+000 
1
2
22 0 2 1 0 -1
22 0 1 1 0 2
haar_x2
0.000000e+000 0 -1
0.000000e+000 -1.000000e+000 
1
2
2 0 1 12 0 -1
2 3 1 6 0 2
haar_y4
-7.896270e-005 0 -1
1.000000e+000 -1.000000e+000 
1
2
18 0 5 8 0 -1
18 4 5 4 0 2
haar_y2
4.576037e-005 0 -1
-8.533439e-001 6.476111e-001 
1
2
1 0 3 8 0 -1
1 4 3 4 0 2
haar_y2
4.532924e-004 0 -1
-1.000000e+000 1.000001e+000 
1
2
22 0 2 1 0 -1
22 0 1 1 0 2
haar_x2
0.000000e+000 0 -1
0.000000e+000 -1.000000e+000 
1
2
0 0 4 2 0 -1
2 0 2 2 0 2
haar_x2
-6.297616e-005 0 -1
1.000000e+000 -1.000000e+000 
1
2
14 25 8 22 0 -1
16 25 4 22 0 2
haar_x4
2.196112e-003 0 -1
-8.772622e-001 1.000000e+000 
1
3
0 0 8 6 0 -1
0 0 4 3 0 2
4 3 4 3 0 2
haar_x2_y2
2.821989e-004 0 -1
-1.000000e+000 1.000000e+000 
1
2
22 0 2 1 0 -1
22 0 1 1 0 2
haar_x2
0.000000e+000 0 -1
0.000000e+000 -1.000000e+000 
1
3
0 0 2 2 0 -1
0 0 1 1 0 2
1 1 1 1 0 2
haar_x2_y2
-1.754727e-005 0 -1
1.000000e+000 -1.000000e+000 
1
2
7 7 16 3 0 -1
11 7 8 3 0 2
haar_x4
2.938888e-004 0 -1
-8.532202e-001 8.029429e-001 
1
2
0 0 2 4 0 -1
0 1 2 2 0 2
haar_y4
-5.657235e-005 0 -1
1.000000e+000 -9.999999e-001 
1
2
9 0 15 24 0 -1
9 6 15 12 0 2
haar_y4
1.688670e-002 0 -1
-8.697856e-001 1.000000e+000 
1
3
0 0 2 10 0 -1
0 0 1 5 0 2
1 5 1 5 0 2
haar_x2_y2
1.989264e-005 0 -1
-1.000000e+000 1.000000e+000 
1
2
22 0 2 1 0 -1
22 0 1 1 0 2
haar_x2
0.000000e+000 0 -1
0.000000e+000 -1.000000e+000 
1
2
0 0 4 2 0 -1
0 1 4 1 0 2
haar_y2
2.288018e-005 0 -1
-1.000000e+000 1.000000e+000 
1
2
22 0 2 1 0 -1
22 0 1 1 0 2
haar_x2
0.000000e+000 0 -1
0.000000e+000 -1.000000e+000 
1
2
0 0 1 2 0 -1
0 1 1 1 0 2
haar_y2
-2.107681e-005 0 -1
1.000000e+000 -1.000000e+000 
1
2
16 23 8 13 0 -1
18 23 4 13 0 2
haar_x4
-5.576589e-005 0 -1
1.000000e+000 -9.001510e-001 
1
2
12 23 10 9 0 -1
12 23 5 9 0 2
tilted_haar_x2
-1.362564e-003 0 -1
1.000000e+000 -1.000000e+000 
1
2
6 7 17 20 0 -1
6 12 17 10 0 2
haar_y4
6.787419e-004 0 -1
-8.851315e-001 9.430424e-001 
1
2
0 0 9 28 0 -1
0 7 9 14 0 2
haar_y4
1.460698e-003 0 -1
-1.000000e+000 1.000000e+000 
1
2
23 0 1 2 0 -1
23 1 1 1 0 2
haar_y2
0.000000e+000 0 -1
0.000000e+000 -1.000000e+000 
1
2
1 9 15 2 0 -1
6 9 5 2 0 3
haar_x3
1.162907e-003 0 -1
-1.000000e+000 1.000000e+000 
1
2
22 0 2 1 0 -1
22 0 1 1 0 2
haar_x2
0.000000e+000 0 -1
0.000000e+000 -1.000000e+000 
1
2
0 2 6 39 0 -1
2 15 2 13 0 9
haar_point
9.851262e-004 0 -1
-1.000000e+000 1.000000e+000 
1
2
22 0 2 1 0 -1
22 0 1 1 0 2
haar_x2
0.000000e+000 0 -1
0.000000e+000 -1.000000e+000 
1
2
0 0 3 3 0 -1
1 0 1 3 0 3
haar_x3
8.574172e-005 0 -1
-1.000000e+000 1.000000e+000 
1
2
22 0 2 1 0 -1
22 0 1 1 0 2
haar_x2
0.000000e+000 0 -1
0.000000e+000 -1.000000e+000 
1
3
0 0 2 30 0 -1
0 0 1 15 0 2
1 15 1 15 0 2
haar_x2_y2
2.068765e-004 0 -1
-1.000000e+000 1.000000e+000 
1
2
22 0 2 1 0 -1
22 0 1 1 0 2
haar_x2
0.000000e+000 0 -1
0.000000e+000 -1.000000e+000 
1
2
0 0 17 3 0 -1
0 1 17 1 0 3
haar_y3
-3.151344e-004 0 -1
1.000000e+000 -1.000000e+000 
1
3
16 33 8 2 0 -1
20 33 4 1 0 2
16 34 4 1 0 2
haar_x2_y2
3.572326e-005 0 -1
-8.627731e-001 1.000000e+000 
1
2
0 0 2 3 0 -1
0 1 2 1 0 3
haar_y3
-1.500640e-005 0 -1
1.000000e+000 -1.000000e+000 
1
2
14 35 3 5 0 -1
15 35 1 5 0 3
haar_x3
3.250916e-004 0 -1
-8.561099e-001 1.000000e+000 
1
2
0 0 10 4 0 -1
0 1 10 2 0 2
haar_y4
-9.946323e-005 0 -1
1.000000e+000 -1.000000e+000 
1
3
11 17 12 8 0 -1
17 17 6 4 0 2
11 21 6 4 0 2
haar_x2_y2
-2.855647e-003 0 -1
1.000000e+000 -8.245174e-001 
1
3
2 20 10 2 0 -1
2 20 5 1 0 2
7 21 5 1 0 2
haar_x2_y2
2.566816e-005 0 -1
-1.000000e+000 9.999999e-001 
1
2
15 0 9 8 0 -1
18 0 3 8 0 3
haar_x3
-1.883983e-004 0 -1
1.000000e+000 -9.652615e-001 
1
3
0 13 10 6 0 -1
0 13 5 3 0 2
5 16 5 3 0 2
haar_x2_y2
-1.321853e-003 0 -1
1.000000e+000 -1.000000e+000 
1
3
6 19 14 4 0 -1
13 19 7 2 0 2
6 21 7 2 0 2
haar_x2_y2
-1.299559e-003 0 -1
1.000000e+000 -8.097832e-001 
1
2
0 8 6 4 0 -1
0 10 6 2 0 2
haar_y2
7.144651e-005 0 -1
-9.811499e-001 8.448699e-001 
1
2
18 0 2 2 0 -1
18 1 2 1 0 2
haar_y2
-3.001280e-005 0 -1
5.760542e-001 -8.746113e-001 
1
2
7 21 1 15 0 -1
7 26 1 5 0 3
haar_y3
6.132658e-005 0 -1
-9.863527e-001 8.171865e-001 
1
2
21 1 3 4 0 -1
21 2 3 2 0 2
haar_y4
2.808080e-005 0 -1
-8.870680e-001 2.860844e-001 
1
3
2 20 12 4 0 -1
2 20 6 2 0 2
8 22 6 2 0 2
haar_x2_y2
2.178747e-004 0 -1
-9.892778e-001 9.418932e-001 
1
2
9 0 15 4 0 -1
14 0 5 4 0 3
haar_x3
2.288018e-004 0 -1
-9.861397e-001 1.000000e+000 
1
2
0 0 2 1 0 -1
1 0 1 1 0 2
haar_x2
0.000000e+000 0 -1
0.000000e+000 -1.000000e+000 
1
2
8 0 16 6 0 -1
8 3 16 3 0 2
haar_y2
4.253889e-003 0 -1
-9.641957e-001 1.000000e+000 
1
2
0 0 1 3 0 -1
0 1 1 1 0 3
haar_y3
-3.263461e-005 0 -1
1.000000e+000 -1.000000e+000 
1
3
4 2 20 36 0 -1
14 2 10 18 0 2
4 20 10 18 0 2
haar_x2_y2
-8.659914e-003 0 -1
7.696241e-001 -9.920685e-001 
1
2
4 18 16 2 0 -1
4 18 16 1 0 2
tilted_haar_y2
-6.197276e-004 0 -1
1.000000e+000 -9.598823e-001 
1
3
8 32 16 10 0 -1
16 32 8 5 0 2
8 37 8 5 0 2
haar_x2_y2
-4.860592e-003 0 -1
7.020852e-001 -5.838109e-001 
1
2
9 1 7 6 0 -1
9 1 7 3 0 2
tilted_haar_y2
-2.440794e-003 0 -1
9.086964e-001 -8.789212e-001 
1
2
17 14 3 34 0 -1
17 31 3 17 0 2
haar_y2
-9.860189e-003 0 -1
6.812947e-001 -3.943518e-001 
1
2
4 14 3 34 0 -1
4 31 3 17 0 2
haar_y2
2.285840e-003 0 -1
-7.473516e-001 9.592389e-001 
1
2
18 3 5 2 0 -1
18 4 5 1 0 2
haar_y2
2.482597e-005 0 -1
-6.134565e-001 6.711293e-001 
1
2
8 0 3 3 0 -1
9 1 1 3 0 3
tilted_haar_x3
1.034245e-005 0 -1
-9.552492e-001 9.182415e-001 
1
2
19 16 3 12 0 -1
20 20 1 4 0 9
haar_point
1.180301e-003 0 -1
-9.377548e-001 6.146215e-001 
1
3
0 2 4 8 0 -1
0 2 2 4 0 2
2 6 2 4 0 2
haar_x2_y2
2.099205e-005 0 -1
-1.000000e+000 1.000001e+000 
1
2
22 0 2 1 0 -1
22 0 1 1 0 2
haar_x2
0.000000e+000 0 -1
0.000000e+000 -1.000000e+000 
1
3
0 0 4 22 0 -1
0 0 2 11 0 2
2 11 2 11 0 2
haar_x2_y2
1.970252e-005 0 -1
-1.000000e+000 1.000000e+000 
1
2
22 0 2 1 0 -1
22 0 1 1 0 2
haar_x2
0.000000e+000 0 -1
0.000000e+000 -1.000000e+000 
1
3
0 0 2 2 0 -1
0 0 1 1 0 2
1 1 1 1 0 2
haar_x2_y2
8.760940e-006 0 -1
-1.000000e+000 1.000000e+000 
1
2
22 0 2 1 0 -1
22 0 1 1 0 2
haar_x2
0.000000e+000 0 -1
0.000000e+000 -1.000000e+000 
1
2
0 0 20 3 0 -1
0 1 20 1 0 3
haar_y3
-3.940505e-005 0 -1
1.000000e+000 -1.000000e+000 
1
2
16 2 5 16 0 -1
16 2 5 8 0 2
tilted_haar_x2
-1.630737e-002 0 -1
1.000000e+000 -8.930750e-001 
1
3
1 24 16 6 0 -1
1 24 8 3 0 2
9 27 8 3 0 2
haar_x2_y2
6.107782e-004 0 -1
-9.805651e-001 1.000000e+000 
1
3
20 0 4 42 0 -1
22 0 2 21 0 2
20 21 2 21 0 2
haar_x2_y2
4.018713e-003 0 -1
-9.327232e-001 1.000000e+000 
1
2
0 10 12 2 0 -1
0 11 12 1 0 2
haar_y2
1.144009e-005 0 -1
-1.000000e+000 9.609833e-001 
1
2
8 0 16 40 0 -1
8 10 16 20 0 2
haar_y4
3.309482e-002 0 -1
-1.000000e+000 1.000000e+000 
1
2
0 0 2 1 0 -1
1 0 1 1 0 2
haar_x2
0.000000e+000 0 -1
0.000000e+000 -1.000000e+000 
1
2
23 0 1 26 0 -1
23 13 1 13 0 2
haar_y2
-1.309076e-003 0 -1
1.000000e+000 -9.203908e-001 
1
2
4 13 12 24 0 -1
4 19 12 12 0 2
haar_y4
-8.085470e-004 0 -1
1.000000e+000 -9.837505e-001 
1
2
10 39 6 2 0 -1
12 39 2 2 0 3
haar_x3
-8.015083e-005 0 -1
1.000000e+000 -5.707629e-001 
1
2
6 39 3 6 0 -1
7 41 1 2 0 9
haar_point
1.258410e-004 0 -1
-9.485378e-001 9.054955e-001 
1
3
8 3 8 10 0 -1
12 3 4 5 0 2
8 8 4 5 0 2
haar_x2_y2
-3.521371e-004 0 -1
1.000000e+000 -9.688144e-001 
1
2
11 6 12 4 0 -1
14 9 6 4 0 2
tilted_haar_x4
-5.701379e-004 0 -1
1.000000e+000 -9.249156e-001 
1
2
13 24 1 2 0 -1
13 24 1 1 0 2
tilted_haar_x2
1.130503e-005 0 -1
-4.871766e-001 8.563244e-001 
1
2
0 36 3 6 0 -1
1 38 1 2 0 9
haar_point
9.152073e-005 0 -1
-1.000000e+000 8.405405e-001 
1
2
16 8 3 10 0 -1
16 13 3 5 0 2
haar_y2
-3.431214e-003 0 -1
7.670128e-001 -9.481198e-001 
1
2
1 7 1 8 0 -1
1 11 1 4 0 2
haar_y2
7.745934e-005 0 -1
-9.803374e-001 1.000000e+000 
1
2
20 45 3 1 0 -1
21 45 1 1 0 3
haar_x3
1.754727e-005 0 -1
-9.699512e-001 3.436882e-001 
1
2
0 0 4 6 0 -1
2 0 2 6 0 2
haar_x2
9.308208e-005 0 -1
-1.000000e+000 1.000000e+000 
1
2
22 0 2 1 0 -1
22 0 1 1 0 2
haar_x2
0.000000e+000 0 -1
0.000000e+000 -1.000000e+000 
1
2
5 12 8 16 0 -1
5 16 8 8 0 2
haar_y4
-8.005179e-005 0 -1
1.000000e+000 -1.000000e+000 
1
2
15 0 9 14 0 -1
15 7 9 7 0 2
haar_y2
1.676518e-002 0 -1
-9.243971e-001 8.780073e-001 
1
3
0 0 2 10 0 -1
0 0 1 5 0 2
1 5 1 5 0 2
haar_x2_y2
2.368881e-004 0 -1
-1.000000e+000 1.000000e+000 
1
2
22 0 2 1 0 -1
22 0 1 1 0 2
haar_x2
0.000000e+000 0 -1
0.000000e+000 -1.000000e+000 
1
2
0 0 6 14 0 -1
0 7 6 7 0 2
haar_y2
3.394341e-004 0 -1
-1.000000e+000 1.000000e+000 
1
2
22 0 2 1 0 -1
22 0 1 1 0 2
haar_x2
0.000000e+000 0 -1
0.000000e+000 -1.000000e+000 
1
2
0 0 4 1 0 -1
1 0 2 1 0 2
haar_x4
1.989264e-005 0 -1
-1.000000e+000 1.000000e+000 
1
2
22 0 2 1 0 -1
22 0 1 1 0 2
haar_x2
0.000000e+000 0 -1
0.000000e+000 -1.000000e+000 
1
2
0 0 1 3 0 -1
0 1 1 1 0 3
haar_y3
1.598446e-005 0 -1
-1.000000e+000 1.000000e+000 
1
2
22 0 2 1 0 -1
22 0 1 1 0 2
haar_x2
0.000000e+000 0 -1
0.000000e+000 -1.000000e+000 
1
2
0 0 1 2 0 -1
0 1 1 1 0 2
haar_y2
-1.144009e-005 0 -1
1.000000e+000 -1.000000e+000 
1
2
10 0 14 34 0 -1
10 17 14 17 0 2
haar_y2
4.182063e-002 0 -1
-9.763510e-001 1.000000e+000 
1
2
0 0 2 2 0 -1
0 1 2 1 0 2
haar_y2
1.144009e-005 0 -1
-1.000000e+000 1.000000e+000 
1
2
22 0 2 1 0 -1
22 0 1 1 0 2
haar_x2
0.000000e+000 0 -1
0.000000e+000 -1.000000e+000 
1
2
0 0 3 4 0 -1
1 0 1 4 0 3
haar_x3
1.989264e-005 0 -1
-1.000000e+000 1.000000e+000 
1
2
22 0 2 1 0 -1
22 0 1 1 0 2
haar_x2
0.000000e+000 0 -1
0.000000e+000 -1.000000e+000 
1
2
0 0 1 2 0 -1
0 1 1 1 0 2
haar_y2
-1.144009e-005 0 -1
1.000000e+000 -1.000000e+000 
1
3
3 38 18 4 0 -1
12 38 9 2 0 2
3 40 9 2 0 2
haar_x2_y2
1.790338e-004 0 -1
-1.000000e+000 1.000000e+000 
1
2
0 0 3 1 0 -1
1 0 1 1 0 3
haar_x3
-1.283408e-005 0 -1
1.000000e+000 -1.000000e+000 
1
2
7 0 17 10 0 -1
7 5 17 5 0 2
haar_y2
2.153884e-003 0 -1
-9.310730e-001 8.872712e-001 
1
2
0 0 2 1 0 -1
1 0 1 1 0 2
haar_x2
6.885470e-005 0 -1
-1.000000e+000 1.000000e+000 
1
2
22 0 2 1 0 -1
22 0 1 1 0 2
haar_x2
0.000000e+000 0 -1
0.000000e+000 -1.000000e+000 
1
2
8 0 2 4 0 -1
8 1 2 2 0 2
haar_y4
-7.008752e-005 0 -1
1.000000e+000 -1.000000e+000 
1
2
15 35 3 4 0 -1
16 35 1 4 0 3
haar_x3
6.648702e-005 0 -1
-8.259236e-001 8.393144e-001 
1
2
10 2 8 3 0 -1
10 2 4 3 0 2
tilted_haar_x2
-1.918378e-004 0 -1
1.000000e+000 -1.000000e+000 
1
2
22 27 2 2 0 -1
22 27 1 2 0 2
tilted_haar_y2
-9.083233e-005 0 -1
1.000000e+000 -7.955757e-001 
1
2
2 28 20 20 0 -1
7 28 10 20 0 2
haar_x4
8.265083e-004 0 -1
-1.000000e+000 9.999999e-001 
1
2
16 5 4 12 0 -1
16 5 2 12 0 2
tilted_haar_y2
-1.448526e-004 0 -1
7.475599e-001 -9.684154e-001 
1
2
3 0 17 2 0 -1
3 0 17 1 0 2
tilted_haar_y2
-9.637034e-005 0 -1
1.000000e+000 -1.000000e+000 
1
2
19 23 3 14 0 -1
20 24 1 14 0 3
tilted_haar_y3
4.469930e-004 0 -1
-6.772436e-001 8.349406e-001 
1
2
0 12 12 3 0 -1
4 13 4 1 0 9
haar_point
2.679134e-003 0 -1
-1.000000e+000 1.000000e+000 
1
2
21 0 3 1 0 -1
22 0 1 1 0 3
haar_x3
-1.905240e-004 0 -1
1.000000e+000 -9.860094e-001 
1
2
0 0 2 1 0 -1
1 0 1 1 0 2
haar_x2
-1.278918e-004 0 -1
1.000000e+000 -1.000000e+000 
1
3
7 37 14 4 0 -1
14 37 7 2 0 2
7 39 7 2 0 2
haar_x2_y2
8.760940e-006 0 -1
-9.151851e-001 1.000000e+000 
1
3
0 2 22 2 0 -1
0 2 11 1 0 2
11 3 11 1 0 2
haar_x2_y2
-3.001280e-004 0 -1
1.000000e+000 -1.000000e+000 
1
2
11 1 11 20 0 -1
11 6 11 10 0 2
haar_y4
4.316704e-003 0 -1
-9.726790e-001 8.357035e-001 
1
2
0 0 3 1 0 -1
1 0 1 1 0 3
haar_x3
1.190775e-005 0 -1
-1.000000e+000 1.000004e+000 
1
2
22 0 2 1 0 -1
22 0 1 1 0 2
haar_x2
0.000000e+000 0 -1
0.000000e+000 -1.000000e+000 
1
2
0 0 3 18 0 -1
1 6 1 6 0 9
haar_point
-1.591412e-004 0 -1
1.000000e+000 -1.000000e+000 
1
2
19 1 1 12 0 -1
19 5 1 4 0 3
haar_y3
5.940096e-004 0 -1
-9.348965e-001 1.000000e+000 
1
2
0 0 3 3 0 -1
1 1 1 1 0 9
haar_point
-2.384511e-005 0 -1
1.000000e+000 -1.000000e+000 
1
2
19 4 1 8 0 -1
19 4 1 4 0 2
tilted_haar_x2
-7.008752e-005 0 -1
1.000000e+000 -8.673449e-001 
1
3
9 2 4 10 0 -1
9 2 2 5 0 2
11 7 2 5 0 2
haar_x2_y2
-1.604612e-003 0 -1
1.000000e+000 -1.000000e+000 
1
2
16 8 5 18 0 -1
16 14 5 6 0 3
haar_y3
8.105444e-004 0 -1
-7.104053e-001 7.831415e-001 
1
2
10 7 4 3 0 -1
11 7 2 3 0 2
haar_x4
-2.700370e-004 0 -1
1.000000e+000 -9.867651e-001 
1
2
14 23 4 12 0 -1
15 23 2 12 0 2
haar_x4
1.711895e-004 0 -1
-7.675958e-001 6.997238e-001 
1
2
1 18 3 6 0 -1
2 20 1 2 0 9
haar_point
1.830803e-005 0 -1
-9.888749e-001 1.000000e+000 
1
2
16 0 8 47 0 -1
18 0 4 47 0 2
haar_x4
2.526508e-003 0 -1
-9.909427e-001 1.000000e+000 
1
2
0 0 2 1 0 -1
1 0 1 1 0 2
haar_x2
0.000000e+000 0 -1
0.000000e+000 -1.000000e+000 
1
2
20 23 4 7 0 -1
21 23 2 7 0 2
haar_x4
2.039139e-005 0 -1
-9.566905e-001 8.001331e-001 
1
3
0 0 2 2 0 -1
0 0 1 1 0 2
1 1 1 1 0 2
haar_x2_y2
-8.939860e-005 0 -1
1.000000e+000 -1.000000e+000 
1
2
20 0 4 33 0 -1
20 11 4 11 0 3
haar_y3
4.690019e-004 0 -1
-9.760767e-001 1.000000e+000 
1
2
0 0 3 1 0 -1
1 0 1 1 0 3
haar_x3
1.190775e-005 0 -1
-1.000000e+000 1.000000e+000 
1
2
22 0 2 1 0 -1
22 0 1 1 0 2
haar_x2
0.000000e+000 0 -1
0.000000e+000 -1.000000e+000 
1
2
0 0 3 1 0 -1
1 0 1 1 0 3
haar_x3
-1.130503e-005 0 -1
1.000000e+000 -1.000000e+000 
1
2
15 0 9 33 0 -1
18 11 3 11 0 9
haar_point
1.907705e-002 0 -1
-8.777151e-001 1.000000e+000 
1
2
0 0 14 4 0 -1
0 1 14 2 0 2
haar_y4
-2.784970e-004 0 -1
1.000000e+000 -1.000000e+000 
1
3
10 27 14 12 0 -1
17 27 7 6 0 2
10 33 7 6 0 2
haar_x2_y2
2.365067e-002 0 -1
-9.630435e-001 1.000000e+000 
1
2
0 0 3 33 0 -1
1 11 1 11 0 9
haar_point
7.957058e-005 0 -1
-1.000000e+000 1.000000e+000 
1
2
22 0 2 1 0 -1
22 0 1 1 0 2
haar_x2
0.000000e+000 0 -1
0.000000e+000 -1.000000e+000 
1
2
0 0 2 1 0 -1
1 0 1 1 0 2
haar_x2
1.019569e-005 0 -1
-1.000000e+000 1.000000e+000 
1
2
22 0 2 1 0 -1
22 0 1 1 0 2
haar_x2
0.000000e+000 0 -1
0.000000e+000 -1.000000e+000 
1
2
0 0 4 2 0 -1
1 0 2 2 0 2
haar_x4
2.107681e-005 0 -1
-1.000000e+000 1.000000e+000 
1
2
22 0 2 1 0 -1
22 0 1 1 0 2
haar_x2
0.000000e+000 0 -1
0.000000e+000 -1.000000e+000 
1
2
0 0 1 3 0 -1
0 1 1 1 0 3
haar_y3
1.192256e-005 0 -1
-1.000000e+000 1.000000e+000 
1
2
22 0 2 1 0 -1
22 0 1 1 0 2
haar_x2
0.000000e+000 0 -1
0.000000e+000 -1.000000e+000 
1
2
0 0 1 2 0 -1
0 1 1 1 0 2
haar_y2
-1.830803e-005 0 -1
1.000000e+000 -1.000000e+000 
1
2
20 15 4 25 0 -1
21 15 2 25 0 2
haar_x4
3.661606e-005 0 -1
-9.353349e-001 1.000000e+000 
1
2
0 0 2 3 0 -1
1 0 1 3 0 2
haar_x2
2.039139e-005 0 -1
-1.000000e+000 1.000000e+000 
1
2
22 0 2 1 0 -1
22 0 1 1 0 2
haar_x2
0.000000e+000 0 -1
0.000000e+000 -1.000000e+000 
1
2
0 0 5 4 0 -1
0 1 5 2 0 2
haar_y4
1.190775e-005 0 -1
-1.000000e+000 1.000000e+000 
1
2
22 0 2 1 0 -1
22 0 1 1 0 2
haar_x2
0.000000e+000 0 -1
0.000000e+000 -1.000000e+000 
1
2
0 0 3 9 0 -1
1 3 1 3 0 9
haar_point
-3.661606e-005 0 -1
1.000000e+000 -1.000000e+000 
1
3
18 0 6 24 0 -1
21 0 3 12 0 2
18 12 3 12 0 2
haar_x2_y2
-7.144651e-004 0 -1
1.000000e+000 -8.032083e-001 
1
2
0 0 10 4 0 -1
0 1 10 2 0 2
haar_y4
-9.946323e-005 0 -1
1.000000e+000 -1.000000e+000 
1
3
6 30 18 18 0 -1
15 30 9 9 0 2
6 39 9 9 0 2
haar_x2_y2
-1.187152e-002 0 -1
1.000000e+000 -8.723305e-001 
1
3
2 7 14 12 0 -1
2 7 7 6 0 2
9 13 7 6 0 2
haar_x2_y2
-5.351917e-004 0 -1
1.000000e+000 -1.000000e+000 
1
2
19 12 3 12 0 -1
20 16 1 4 0 9
haar_point
2.260559e-004 0 -1
-4.988032e-001 9.999999e-001 
1
2
7 13 15 3 0 -1
6 14 15 1 0 3
tilted_haar_y3
-1.918378e-004 0 -1
1.000000e+000 -1.000000e+000 
1
2
16 35 2 8 0 -1
16 35 1 8 0 2
tilted_haar_y2
-9.294315e-005 0 -1
8.120030e-001 -7.151930e-001 
1
2
9 0 6 42 0 -1
9 21 6 21 0 2
haar_y2
7.025574e-004 0 -1
-1.000000e+000 1.000000e+000 
1
2
11 40 3 6 0 -1
12 42 1 2 0 9
haar_point
-1.029765e-003 0 -1
1.000000e+000 -9.736189e-001 
1
2
7 32 4 1 0 -1
7 32 2 1 0 2
tilted_haar_x2
-1.989264e-005 0 -1
1.000000e+000 -1.000000e+000 
1
2
18 20 3 4 0 -1
19 21 1 4 0 3
tilted_haar_y3
-3.161521e-005 0 -1
1.000000e+000 -6.641655e-001 
1
2
9 0 2 3 0 -1
8 1 2 1 0 3
tilted_haar_y3
1.598648e-005 0 -1
-9.404471e-001 1.000000e+000 
1
3
18 6 2 26 0 -1
19 6 1 13 0 2
18 19 1 13 0 2
haar_x2_y2
-4.079859e-004 0 -1
8.835135e-001 -8.740633e-001 
1
2
0 13 23 8 0 -1
0 17 23 4 0 2
haar_y2
2.146060e-004 0 -1
-9.841941e-001 1.000000e+000 
1
2
15 0 9 30 0 -1
18 10 3 10 0 9
haar_point
1.574457e-002 0 -1
-9.434972e-001 1.000000e+000 
1
2
0 0 1 3 0 -1
0 1 1 1 0 3
haar_y3
1.752188e-005 0 -1
-1.000000e+000 1.000000e+000 
1
2
22 0 2 1 0 -1
22 0 1 1 0 2
haar_x2
0.000000e+000 0 -1
0.000000e+000 -1.000000e+000 
1
2
0 0 1 2 0 -1
0 1 1 1 0 2
haar_y2
-4.198411e-005 0 -1
1.000000e+000 -1.000000e+000 
1
3
4 0 20 38 0 -1
14 0 10 19 0 2
4 19 10 19 0 2
haar_x2_y2
-4.135435e-003 0 -1
1.000000e+000 -9.523863e-001 
1
2
0 0 2 1 0 -1
1 0 1 1 0 2
haar_x2
-1.278918e-004 0 -1
1.000000e+000 -1.000000e+000 
1
2
15 14 2 2 0 -1
15 14 1 2 0 2
tilted_haar_y2
4.990357e-005 0 -1
-8.170722e-001 1.000000e+000 
1
2
0 0 6 48 0 -1
2 16 2 16 0 9
haar_point
2.166555e-002 0 -1
-1.000000e+000 9.999992e-001 
1
2
22 0 2 1 0 -1
22 0 1 1 0 2
haar_x2
0.000000e+000 0 -1
0.000000e+000 -1.000000e+000 
1
2
0 0 3 4 0 -1
1 0 1 4 0 3
haar_x3
1.989264e-005 0 -1
-1.000000e+000 1.000000e+000 
1
2
22 0 2 1 0 -1
22 0 1 1 0 2
haar_x2
0.000000e+000 0 -1
0.000000e+000 -1.000000e+000 
1
2
0 0 2 1 0 -1
1 0 1 1 0 2
haar_x2
1.500640e-005 0 -1
-1.000000e+000 1.000000e+000 
1
2
22 0 2 1 0 -1
22 0 1 1 0 2
haar_x2
0.000000e+000 0 -1
0.000000e+000 -1.000000e+000 
1
3
0 0 2 48 0 -1
0 0 1 24 0 2
1 24 1 24 0 2
haar_x2_y2
-1.500640e-005 0 -1
1.000000e+000 -1.000000e+000 
1
2
18 0 6 8 0 -1
18 2 6 4 0 2
haar_y4
-1.487477e-005 0 -1
1.000000e+000 -9.651737e-001 
1
2
0 0 11 45 0 -1
0 15 11 15 0 3
haar_y3
1.568658e-002 0 -1
-1.000000e+000 1.000000e+000 
1
2
20 0 4 1 0 -1
21 0 2 1 0 2
haar_x4
-9.946323e-005 0 -1
1.000000e+000 -1.000000e+000 
1
2
0 0 2 1 0 -1
1 0 1 1 0 2
haar_x2
0.000000e+000 0 -1
0.000000e+000 -1.000000e+000 
1
2
14 0 10 4 0 -1
14 1 10 2 0 2
haar_y4
-1.858863e-004 0 -1
1.000000e+000 -8.974987e-001 
1
2
0 28 15 13 0 -1
5 28 5 13 0 3
haar_x3
-2.713940e-003 0 -1
1.000000e+000 -1.000000e+000 
1
3
8 32 16 10 0 -1
16 32 8 5 0 2
8 37 8 5 0 2
haar_x2_y2
-1.396899e-003 0 -1
9.169842e-001 -7.732735e-001 
1
2
11 17 10 1 0 -1
11 17 5 1 0 2
tilted_haar_x2
-1.500640e-005 0 -1
1.000000e+000 -9.761008e-001 
1
3
10 31 6 16 0 -1
13 31 3 8 0 2
10 39 3 8 0 2
haar_x2_y2
5.788906e-003 0 -1
-2.327528e-001 9.594818e-001 
1
2
5 26 6 3 0 -1
7 26 2 3 0 3
haar_x3
3.287822e-004 0 -1
-9.869686e-001 9.514608e-001 
1
2
18 6 6 13 0 -1
18 6 3 13 0 2
haar_x2
1.241259e-003 0 -1
-9.528260e-001 4.447245e-001 
1
2
0 0 8 15 0 -1
2 0 4 15 0 2
haar_x4
4.193977e-003 0 -1
-1.000000e+000 1.000000e+000 
1
2
22 0 2 1 0 -1
22 0 1 1 0 2
haar_x2
0.000000e+000 0 -1
0.000000e+000 -1.000000e+000 
1
2
1 2 9 26 0 -1
4 2 3 26 0 3
haar_x3
-1.478971e-003 0 -1
1.000000e+000 -1.000000e+000 
1
3
19 10 2 14 0 -1
20 10 1 7 0 2
19 17 1 7 0 2
haar_x2_y2
-7.881010e-005 0 -1
1.000000e+000 -8.160808e-001 
1
2
3 1 6 24 0 -1
3 9 6 8 0 3
haar_y3
1.259523e-003 0 -1
-1.000000e+000 9.672191e-001 
1
2
12 0 12 2 0 -1
15 0 6 2 0 2
haar_x4
-3.989221e-005 0 -1
5.473990e-001 -9.677209e-001 
1
2
4 18 7 3 0 -1
3 19 7 1 0 3
tilted_haar_y3
2.731071e-004 0 -1
-9.876148e-001 9.645266e-001 
1
3
6 26 18 6 0 -1
15 26 9 3 0 2
6 29 9 3 0 2
haar_x2_y2
1.229527e-004 0 -1
-9.842983e-001 4.011904e-001 
1
3
0 1 6 38 0 -1
0 1 3 19 0 2
3 20 3 19 0 2
haar_x2_y2
-6.045106e-003 0 -1
1.000000e+000 -1.000000e+000 
1
2
15 0 4 4 0 -1
15 0 2 4 0 2
tilted_haar_y2
-2.013761e-003 0 -1
1.000000e+000 -8.206722e-001 
1
2
9 38 2 1 0 -1
10 38 1 1 0 2
haar_x2
7.992229e-006 0 -1
-9.788039e-001 9.999998e-001 
1
2
18 0 6 27 0 -1
20 9 2 9 0 9
haar_point
1.165070e-002 0 -1
-9.889824e-001 1.000000e+000 
1
2
0 0 2 1 0 -1
1 0 1 1 0 2
haar_x2
0.000000e+000 0 -1
0.000000e+000 -1.000000e+000 
1
3
21 16 2 22 0 -1
22 16 1 11 0 2
21 27 1 11 0 2
haar_x2_y2
2.417157e-005 0 -1
-8.956518e-001 1.000000e+000 
1
2
0 0 10 3 0 -1
0 1 10 1 0 3
haar_y3
-1.392485e-004 0 -1
1.000000e+000 -1.000000e+000 
1
2
14 11 6 12 0 -1
11 14 6 6 0 2
tilted_haar_x4
-2.102625e-004 0 -1
1.000000e+000 -8.954441e-001 
1
2
2 0 12 17 0 -1
5 0 6 17 0 2
haar_x4
1.685420e-003 0 -1
-9.710612e-001 9.999999e-001 
1
2
22 23 1 16 0 -1
22 23 1 8 0 2
tilted_haar_x2
4.658633e-003 0 -1
-9.338195e-001 8.095574e-001 
1
2
0 0 3 12 0 -1
1 0 1 12 0 3
haar_x3
-4.925631e-005 0 -1
1.000000e+000 -1.000000e+000 
1
3
22 19 2 18 0 -1
23 19 1 9 0 2
22 28 1 9 0 2
haar_x2_y2
-2.586044e-004 0 -1
4.423862e-001 -1.000000e+000 
1
2
8 25 4 1 0 -1
9 26 2 1 0 2
tilted_haar_x4
1.500640e-005 0 -1
-9.627810e-001 1.000000e+000 
1
2
19 0 3 3 0 -1
20 0 1 3 0 3
haar_x3
-4.516911e-005 0 -1
5.768815e-001 -9.784114e-001 
1
2
0 1 15 4 0 -1
0 3 15 2 0 2
haar_y2
4.270655e-004 0 -1
-9.620621e-001 1.000000e+000 
1
2
20 15 3 3 0 -1
19 16 3 1 0 3
tilted_haar_x3
-1.098482e-004 0 -1
1.082501e-001 -9.780356e-001 
1
2
5 7 16 3 0 -1
4 8 16 1 0 3
tilted_haar_y3
1.430707e-004 0 -1
-9.689046e-001 9.999997e-001 
1
3
10 0 14 8 0 -1
17 0 7 4 0 2
10 4 7 4 0 2
haar_x2_y2
-1.966769e-003 0 -1
1.000000e+000 -9.655935e-001 
1
2
0 0 2 1 0 -1
1 0 1 1 0 2
haar_x2
0.000000e+000 0 -1
0.000000e+000 -1.000000e+000 
1
2
9 0 15 24 0 -1
9 6 15 12 0 2
haar_y4
2.134892e-002 0 -1
-9.100707e-001 1.000000e+000 
1
2
0 0 3 6 0 -1
1 2 1 2 0 9
haar_point
-1.401750e-004 0 -1
1.000000e+000 -1.000000e+000 
1
2
14 0 9 24 0 -1
14 8 9 8 0 3
haar_y3
-1.043557e-002 0 -1
1.000000e+000 -8.109959e-001 
1
2
0 4 17 18 0 -1
0 10 17 6 0 3
haar_y3
6.816957e-003 0 -1
-1.000000e+000 1.000000e+000 
1
2
19 2 4 9 0 -1
20 2 2 9 0 2
haar_x4
-6.385615e-005 0 -1
1.000000e+000 -9.585282e-001 
1
3
8 29 2 2 0 -1
8 29 1 1 0 2
9 30 1 1 0 2
haar_x2_y2
1.598648e-005 0 -1
-9.827907e-001 9.644729e-001 
1
3
8 1 16 2 0 -1
16 1 8 1 0 2
8 2 8 1 0 2
haar_x2_y2
4.380470e-005 0 -1
-9.481220e-001 1.000000e+000 
1
2
0 0 4 1 0 -1
1 0 2 1 0 2
haar_x4
1.989264e-005 0 -1
-1.000000e+000 1.000000e+000 
1
2
22 0 2 1 0 -1
22 0 1 1 0 2
haar_x2
0.000000e+000 0 -1
0.000000e+000 -1.000000e+000 
1
2
0 0 2 1 0 -1
1 0 1 1 0 2
haar_x2
-1.601613e-004 0 -1
1.000000e+000 -1.000000e+000 
1
2
19 0 5 16 0 -1
19 8 5 8 0 2
haar_y2
3.546429e-004 0 -1
-8.826709e-001 1.000000e+000 
1
2
0 0 24 3 0 -1
0 1 24 1 0 3
haar_y3
-1.241299e-004 0 -1
1.000000e+000 -1.000000e+000 
1
3
20 2 4 30 0 -1
22 2 2 15 0 2
20 17 2 15 0 2
haar_x2_y2
3.823200e-003 0 -1
-9.169100e-001 7.288384e-001 
1
3
0 1 4 30 0 -1
0 1 2 15 0 2
2 16 2 15 0 2
haar_x2_y2
-1.192256e-005 0 -1
1.000000e+000 -1.000000e+000 
1
2
2 15 21 6 0 -1
9 17 7 2 0 9
haar_point
-7.506662e-003 0 -1
1.000000e+000 -9.656752e-001 
1
2
10 20 12 1 0 -1
13 23 6 1 0 2
tilted_haar_x4
2.586044e-004 0 -1
-1.000000e+000 1.000000e+000 
1
3
20 15 4 2 0 -1
22 15 2 1 0 2
20 16 2 1 0 2
haar_x2_y2
1.277123e-005 0 -1
-9.751170e-001 1.970632e-001 
1
3
0 7 14 6 0 -1
0 7 7 3 0 2
7 10 7 3 0 2
haar_x2_y2
-1.301204e-004 0 -1
1.000000e+000 -9.999999e-001 
1
2
9 19 7 4 0 -1
9 21 7 2 0 2
haar_y2
7.621988e-004 0 -1
-9.167551e-001 1.000000e+000 
1
2
0 0 3 1 0 -1
1 0 1 1 0 3
haar_x3
1.190775e-005 0 -1
-1.000000e+000 1.000003e+000 
1
2
22 0 2 1 0 -1
22 0 1 1 0 2
haar_x2
0.000000e+000 0 -1
0.000000e+000 -1.000000e+000 
1
2
0 0 3 33 0 -1
1 11 1 11 0 9
haar_point
7.957058e-005 0 -1
-1.000000e+000 1.000000e+000 
1
2
22 0 2 1 0 -1
22 0 1 1 0 2
haar_x2
0.000000e+000 0 -1
0.000000e+000 -1.000000e+000 
1
2
0 0 4 1 0 -1
1 0 2 1 0 2
haar_x4
-1.283408e-005 0 -1
1.000000e+000 -1.000000e+000 
1
3
2 23 22 4 0 -1
13 23 11 2 0 2
2 25 11 2 0 2
haar_x2_y2
6.423287e-004 0 -1
-8.564005e-001 1.000000e+000 
1
2
0 0 3 3 0 -1
1 1 1 1 0 9
haar_point
-3.717726e-005 0 -1
1.000000e+000 -1.000000e+000 
1
2
21 1 3 3 0 -1
22 1 1 3 0 3
haar_x3
-1.622564e-005 0 -1
1.000000e+000 -8.963305e-001 
1
2
11 31 4 3 0 -1
11 31 2 3 0 2
tilted_haar_x2
-3.219650e-004 0 -1
1.000000e+000 -9.846936e-001 
1
2
9 7 12 12 0 -1
9 11 12 4 0 3
haar_y3
2.532249e-003 0 -1
-5.470516e-001 7.070680e-001 
1
2
9 39 8 1 0 -1
11 41 4 1 0 2
tilted_haar_x4
-1.297219e-004 0 -1
1.000000e+000 -1.000000e+000 
1
2
13 28 3 9 0 -1
14 29 1 9 0 3
tilted_haar_y3
6.385615e-005 0 -1
-6.803458e-001 6.047221e-001 
1
2
12 8 3 4 0 -1
12 8 3 2 0 2
tilted_haar_y2
-3.583092e-004 0 -1
1.000000e+000 -1.000000e+000 
1
2
14 27 3 12 0 -1
15 28 1 12 0 3
tilted_haar_y3
-4.488673e-004 0 -1
6.845375e-001 -7.416551e-001 
1
2
5 22 19 3 0 -1
4 23 19 1 0 3
tilted_haar_y3
4.007541e-005 0 -1
-9.747524e-001 9.155110e-001 
1
3
14 11 8 8 0 -1
18 11 4 4 0 2
14 15 4 4 0 2
haar_x2_y2
-1.040963e-003 0 -1
5.208497e-001 -8.825299e-001 
1
3
1 11 12 6 0 -1
1 11 6 3 0 2
7 14 6 3 0 2
haar_x2_y2
-4.236732e-004 0 -1
8.727600e-001 -9.823194e-001 
1
2
20 17 4 11 0 -1
21 18 2 11 0 2
tilted_haar_y4
2.148671e-003 0 -1
-4.476408e-001 6.650525e-001 
1
2
11 20 2 9 0 -1
8 23 2 3 0 3
tilted_haar_y3
7.846071e-004 0 -1
-9.513705e-001 8.998234e-001 
1
3
17 13 2 10 0 -1
18 13 1 5 0 2
17 18 1 5 0 2
haar_x2_y2
-2.554246e-005 0 -1
6.868489e-001 -9.061939e-001 
1
2
6 13 4 8 0 -1
7 13 2 8 0 2
haar_x4
2.635508e-004 0 -1
-9.445243e-001 1.000000e+000 
1
2
11 9 2 18 0 -1
11 18 2 9 0 2
haar_y2
7.921256e-005 0 -1
-9.936916e-001 1.000000e+000 
1
2
0 0 2 1 0 -1
1 0 1 1 0 2
haar_x2
0.000000e+000 0 -1
0.000000e+000 -1.000000e+000 
1
2
14 0 5 33 0 -1
14 11 5 11 0 3
haar_y3
3.497198e-003 0 -1
-9.185898e-001 1.000000e+000 
1
2
0 0 4 2 0 -1
1 0 2 2 0 2
haar_x4
-2.003771e-005 0 -1
1.000000e+000 -1.000000e+000 
1
2
13 38 1 4 0 -1
13 38 1 2 0 2
tilted_haar_x2
-3.978529e-004 0 -1
6.439192e-001 -8.837017e-001 
1
2
1 12 5 15 0 -1
1 17 5 5 0 3
haar_y3
1.944816e-004 0 -1
-9.611433e-001 9.675218e-001 
1
3
4 38 20 2 0 -1
14 38 10 1 0 2
4 39 10 1 0 2
haar_x2_y2
6.385615e-005 0 -1
-9.763330e-001 1.000000e+000 
1
2
0 0 3 6 0 -1
1 2 1 2 0 9
haar_point
5.967794e-005 0 -1
-1.000000e+000 1.000000e+000 
1
2
22 0 2 1 0 -1
22 0 1 1 0 2
haar_x2
0.000000e+000 0 -1
0.000000e+000 -1.000000e+000 
1
3
0 0 2 2 0 -1
0 0 1 1 0 2
1 1 1 1 0 2
haar_x2_y2
-1.832008e-005 0 -1
1.000000e+000 -1.000000e+000 
1
2
12 18 2 16 0 -1
12 18 1 16 0 2
haar_x2
-3.983463e-004 0 -1
1.000000e+000 -9.212517e-001 
1
2
9 16 3 3 0 -1
9 17 3 1 0 3
haar_y3
-2.316815e-005 0 -1
1.000000e+000 -9.867560e-001 
1
2
14 5 9 21 0 -1
14 12 9 7 0 3
haar_y3
-8.556723e-004 0 -1
1.000000e+000 -5.215209e-001 
1
2
2 8 20 18 0 -1
2 14 20 6 0 3
haar_y3
2.003771e-005 0 -1
-9.814975e-001 9.500617e-001 
1
2
12 18 4 1 0 -1
13 19 2 1 0 2
tilted_haar_y4
1.428930e-004 0 -1
-8.414619e-001 6.383035e-001 
1
2
12 18 3 2 0 -1
12 18 3 1 0 2
tilted_haar_y2
-6.234727e-004 0 -1
1.000000e+000 -1.000000e+000 
1
2
16 25 3 13 0 -1
17 26 1 13 0 3
tilted_haar_y3
-2.309126e-004 0 -1
9.373845e-001 -8.140567e-001 
1
2
2 22 15 24 0 -1
2 30 15 8 0 3
haar_y3
2.428373e-003 0 -1
-9.279187e-001 9.342774e-001 
1
2
13 18 1 8 0 -1
11 20 1 4 0 2
tilted_haar_x4
-4.650631e-004 0 -1
6.942559e-001 -8.877273e-001 
1
2
2 13 7 12 0 -1
2 16 7 6 0 2
haar_y4
1.277123e-005 0 -1
-9.595151e-001 9.484444e-001 
1
3
14 12 4 22 0 -1
16 12 2 11 0 2
14 23 2 11 0 2
haar_x2_y2
-4.366526e-003 0 -1
1.000000e+000 -9.055861e-001 
1
2
3 7 6 2 0 -1
3 8 6 1 0 2
haar_y2
1.500640e-005 0 -1
-1.000000e+000 9.568176e-001 
1
2
10 19 11 16 0 -1
10 27 11 8 0 2
haar_y2
1.694567e-003 0 -1
-9.707382e-001 7.759769e-001 
1
2
0 0 1 3 0 -1
0 1 1 1 0 3
haar_y3
-7.503200e-005 0 -1
1.000000e+000 -1.000000e+000 
1
3
12 10 8 6 0 -1
16 10 4 3 0 2
12 13 4 3 0 2
haar_x2_y2
-8.919468e-004 0 -1
7.169120e-001 -8.269810e-001 
1
3
10 5 4 8 0 -1
10 5 2 4 0 2
12 9 2 4 0 2
haar_x2_y2
-2.355625e-004 0 -1
1.000000e+000 -9.450448e-001 
-3.720908e+001

4
-1
