13
1
2
0 3 24 2 0 -1
6 3 12 2 0 2
haar_x4
1.243861e-002 0 -1
-7.382174e-001 6.604053e-001 
1
2
12 4 12 22 0 -1
15 4 6 22 0 2
haar_x4
1.773860e-002 0 -1
-2.848359e-001 1.730381e-001 
1
2
0 4 12 22 0 -1
3 4 6 22 0 2
haar_x4
6.418575e-002 0 -1
-6.101567e-001 7.207948e-001 
1
2
3 0 18 22 0 -1
3 11 18 11 0 2
haar_y2
7.791696e-002 0 -1
-8.725453e-001 4.618608e-001 
1
2
8 22 8 24 0 -1
8 30 8 8 0 3
haar_y3
6.728382e-003 0 -1
-8.887298e-001 3.606354e-001 
1
2
13 39 6 1 0 -1
15 41 2 1 0 3
tilted_haar_y3
1.875539e-004 0 -1
-7.963639e-001 3.896528e-001 
1
2
2 5 6 28 0 -1
2 12 6 14 0 2
haar_y4
1.317945e-003 0 -1
-9.786568e-001 4.821822e-001 
1
2
7 42 12 1 0 -1
7 42 6 1 0 2
haar_x2
2.662901e-003 0 -1
-9.181983e-001 4.992699e-001 
1
2
9 4 14 1 0 -1
9 4 7 1 0 2
tilted_haar_x2
-1.757571e-004 0 -1
7.557976e-001 -9.777973e-001 
1
2
15 1 2 2 0 -1
15 1 1 2 0 2
tilted_haar_y2
-3.050849e-005 0 -1
2.845018e-001 -8.759887e-001 
1
3
0 0 6 44 0 -1
0 0 3 22 0 2
3 22 3 22 0 2
haar_x2_y2
-5.476240e-003 0 -1
5.883834e-001 -8.620865e-001 
1
2
15 1 2 1 0 -1
15 1 1 1 0 2
tilted_haar_y2
2.910176e-005 0 -1
-4.457827e-001 5.358828e-001 
1
2
6 1 11 2 0 -1
6 2 11 1 0 2
haar_y2
2.754889e-005 0 -1
-8.703063e-001 5.064610e-001 
-2.004265e+000

2
-1
