21
1
2
0 4 6 10 0 -1
3 4 3 10 0 2
haar_x2
2.562719e-002 0 -1
-5.331380e-001 6.722607e-001 
1
2
5 1 19 4 0 -1
5 3 19 2 0 2
haar_y2
5.511506e-003 0 -1
-8.818725e-001 2.752020e-001 
1
2
2 17 18 3 0 -1
8 17 6 3 0 3
haar_x3
-4.333317e-003 0 -1
2.552471e-001 -8.468595e-001 
1
2
0 0 24 22 0 -1
6 0 12 22 0 2
haar_x4
1.007008e-001 0 -1
-5.530878e-001 5.077413e-001 
1
3
3 37 12 6 0 -1
3 37 6 3 0 2
9 40 6 3 0 2
haar_x2_y2
-4.178246e-003 0 -1
4.127136e-001 -7.582617e-001 
1
2
13 18 9 13 0 -1
16 18 3 13 0 3
haar_x3
-5.912299e-003 0 -1
2.569423e-001 -3.424563e-001 
1
2
5 0 9 4 0 -1
5 0 9 2 0 2
tilted_haar_y2
-1.775763e-004 0 -1
4.095761e-001 -6.270883e-001 
1
2
8 34 16 14 0 -1
8 34 8 14 0 2
haar_x2
2.663820e-002 0 -1
-1.586473e-001 2.055062e-001 
1
2
0 34 16 14 0 -1
8 34 8 14 0 2
haar_x2
-2.229881e-002 0 -1
5.369298e-001 -3.974486e-001 
1
2
20 16 4 6 0 -1
20 16 4 3 0 2
tilted_haar_x2
1.427367e-002 0 -1
-1.712102e-001 4.860048e-001 
1
2
4 16 6 4 0 -1
4 16 3 4 0 2
tilted_haar_x2
-6.975058e-003 0 -1
5.897031e-001 -4.482780e-001 
1
2
11 19 4 6 0 -1
11 19 2 6 0 2
haar_x2
3.406976e-003 0 -1
-1.490977e-001 4.545618e-001 
1
2
10 0 2 4 0 -1
10 2 2 2 0 2
haar_y2
2.141822e-003 0 -1
-5.766057e-001 4.344216e-001 
1
2
12 11 7 12 0 -1
12 11 7 6 0 2
tilted_haar_x2
-1.204079e-004 0 -1
9.341457e-002 -3.688842e-001 
1
2
2 21 20 3 0 -1
12 21 10 3 0 2
haar_x2
2.693723e-005 0 -1
-5.952988e-001 5.686364e-001 
1
2
15 10 7 16 0 -1
15 14 7 8 0 2
haar_y4
3.396875e-004 0 -1
-6.701283e-001 2.011654e-001 
1
2
2 10 7 16 0 -1
2 14 7 8 0 2
haar_y4
1.592085e-003 0 -1
-8.964766e-001 3.048489e-001 
1
2
15 45 1 2 0 -1
15 45 1 1 0 2
tilted_haar_x2
-2.505534e-005 0 -1
2.352571e-001 -8.067243e-001 
1
2
0 0 24 46 0 -1
6 0 12 46 0 2
haar_x4
1.590456e-001 0 -1
-5.981797e-001 5.719123e-001 
1
2
4 17 16 1 0 -1
8 17 8 1 0 2
haar_x4
-7.813653e-004 0 -1
3.812882e-001 -8.516400e-001 
1
2
2 17 3 14 0 -1
3 17 1 14 0 3
haar_x3
1.794143e-003 0 -1
-5.365468e-001 5.212371e-001 
-1.270806e+000

9
-1
