19
1
2
3 0 11 6 0 -1
3 3 11 3 0 2
haar_y2
2.565119e-002 0 -1
-6.212460e-001 5.305526e-001 
1
2
21 7 2 15 0 -1
21 7 1 15 0 2
haar_x2
6.251421e-003 0 -1
-1.540861e-001 4.726642e-001 
1
2
0 4 12 22 0 -1
3 4 6 22 0 2
haar_x4
6.418788e-002 0 -1
-5.910560e-001 5.639309e-001 
1
2
8 23 8 20 0 -1
8 28 8 10 0 2
haar_y4
7.264302e-003 0 -1
-8.206264e-001 3.110586e-001 
1
2
0 4 18 24 0 -1
0 10 18 12 0 2
haar_y4
3.274187e-002 0 -1
-8.905948e-001 2.357352e-001 
1
3
10 15 8 10 0 -1
14 15 4 5 0 2
10 20 4 5 0 2
haar_x2_y2
7.568850e-004 0 -1
-7.602072e-001 2.130959e-001 
1
2
0 0 24 6 0 -1
6 0 12 6 0 2
haar_x4
6.787906e-003 0 -1
-8.463883e-001 3.651537e-001 
1
2
14 11 9 12 0 -1
11 14 9 6 0 2
tilted_haar_x4
-6.537795e-004 0 -1
7.300030e-002 -7.813057e-001 
1
3
5 14 12 14 0 -1
5 14 6 7 0 2
11 21 6 7 0 2
haar_x2_y2
1.039082e-003 0 -1
-7.371141e-001 5.171698e-001 
1
3
8 36 16 6 0 -1
16 36 8 3 0 2
8 39 8 3 0 2
haar_x2_y2
-8.037254e-004 0 -1
3.180434e-001 -6.816055e-001 
1
2
4 1 20 1 0 -1
4 1 10 1 0 2
tilted_haar_x2
-4.735752e-004 0 -1
3.525354e-001 -9.342856e-001 
1
2
15 33 2 12 0 -1
11 37 2 4 0 3
tilted_haar_x3
-3.026299e-003 0 -1
1.673507e-001 -5.175887e-001 
1
2
4 45 16 2 0 -1
8 45 8 2 0 2
haar_x4
3.975918e-003 0 -1
-4.077563e-001 5.577092e-001 
1
2
6 32 18 16 0 -1
6 32 9 16 0 2
haar_x2
1.435659e-001 0 -1
-1.933797e-001 7.180420e-001 
1
2
0 3 24 30 0 -1
0 18 24 15 0 2
haar_y2
1.056080e-003 0 -1
-8.569153e-001 3.461260e-001 
1
2
16 25 8 23 0 -1
18 25 4 23 0 2
haar_x4
-4.948161e-003 0 -1
2.340908e-001 -5.880983e-001 
1
2
0 0 21 24 0 -1
0 8 21 8 0 3
haar_y3
6.830398e-003 0 -1
-8.691677e-001 3.835039e-001 
1
2
16 25 8 23 0 -1
18 25 4 23 0 2
haar_x4
7.648563e-004 0 -1
-5.853215e-001 3.064379e-001 
1
2
0 25 8 23 0 -1
2 25 4 23 0 2
haar_x4
-1.586300e-004 0 -1
5.232597e-001 -8.056346e-001 
-1.953006e+000

7
-1
