7
1
2
1 0 22 18 0 -1
1 9 22 9 0 2
haar_y2
1.660685e-001 0 -1
-7.899911e-001 8.617690e-001 
1
2
12 4 12 22 0 -1
15 4 6 22 0 2
haar_x4
6.370787e-002 0 -1
-5.889631e-002 7.527719e-001 
1
2
0 8 12 20 0 -1
3 8 6 20 0 2
haar_x4
4.850742e-002 0 -1
-6.813322e-001 8.558049e-001 
1
2
15 8 9 2 0 -1
15 9 9 1 0 2
haar_y2
2.659978e-005 0 -1
-3.985695e-001 4.959289e-001 
1
3
2 36 16 10 0 -1
2 36 8 5 0 2
10 41 8 5 0 2
haar_x2_y2
-1.911071e-002 0 -1
7.534432e-001 -3.819058e-001 
1
3
11 27 10 2 0 -1
16 27 5 1 0 2
11 28 5 1 0 2
haar_x2_y2
2.512209e-004 0 -1
-3.574841e-001 5.049943e-001 
1
2
0 1 8 20 0 -1
0 11 8 10 0 2
haar_y2
1.265995e-002 0 -1
-6.642748e-001 3.794335e-001 
-1.426267e+000

0
-1
