9
1
2
0 5 8 10 0 -1
4 5 4 10 0 2
haar_x2
1.981190e-002 0 -1
-6.946451e-001 7.063322e-001 
1
2
7 2 12 2 0 -1
7 3 12 1 0 2
haar_y2
1.691130e-003 0 -1
-7.247775e-001 5.071468e-001 
1
2
4 31 16 6 0 -1
8 31 8 6 0 2
haar_x4
1.278833e-002 0 -1
-5.838792e-001 6.264130e-001 
1
2
3 17 18 1 0 -1
9 17 6 1 0 3
haar_x3
-3.246823e-003 0 -1
6.132355e-001 -6.368360e-001 
1
3
2 45 14 2 0 -1
2 45 7 1 0 2
9 46 7 1 0 2
haar_x2_y2
2.087869e-005 0 -1
-6.031425e-001 4.938765e-001 
1
2
19 0 2 18 0 -1
19 0 2 9 0 2
tilted_haar_x2
-2.534750e-003 0 -1
6.134637e-002 -5.465208e-001 
1
2
5 0 18 2 0 -1
5 0 9 2 0 2
tilted_haar_x2
-9.118054e-003 0 -1
4.196401e-001 -7.044378e-001 
1
2
13 19 2 9 0 -1
13 19 1 9 0 2
haar_x2
2.127768e-003 0 -1
-1.753339e-001 5.433998e-001 
1
2
11 22 10 8 0 -1
11 22 5 8 0 2
tilted_haar_x2
-1.307378e-002 0 -1
5.095284e-001 -5.087795e-001 
-1.938948e+000

1
-1
