9
1
2
0 5 12 23 0 -1
3 5 6 23 0 2
haar_x4
7.529794e-002 0 -1
-5.451419e-001 7.569097e-001 
1
2
6 0 15 6 0 -1
6 3 15 3 0 2
haar_y2
2.181629e-002 0 -1
-6.913206e-001 4.915184e-001 
1
3
4 36 10 8 0 -1
4 36 5 4 0 2
9 40 5 4 0 2
haar_x2_y2
-9.146605e-003 0 -1
4.987165e-001 -5.430836e-001 
1
2
0 0 24 13 0 -1
6 0 12 13 0 2
haar_x4
7.231918e-002 0 -1
-4.201624e-001 5.507604e-001 
1
2
6 12 12 7 0 -1
9 12 6 7 0 2
haar_x4
-3.276651e-003 0 -1
3.142620e-001 -6.690031e-001 
1
2
16 26 6 7 0 -1
18 26 2 7 0 3
haar_x3
-7.554933e-003 0 -1
4.816303e-001 -3.110442e-001 
1
2
2 27 6 6 0 -1
4 27 2 6 0 3
haar_x3
-7.033970e-003 0 -1
6.349627e-001 -2.150137e-001 
1
2
17 18 7 4 0 -1
17 19 7 2 0 2
haar_y4
-3.430980e-003 0 -1
-9.115720e-001 5.821533e-002 
1
2
1 20 4 4 0 -1
1 21 4 2 0 2
haar_y4
6.662306e-004 0 -1
1.663797e-001 -8.341914e-001 
-1.394235e+000

5
-1
