15
1
2
6 0 9 4 0 -1
6 2 9 2 0 2
haar_y2
1.263065e-002 0 -1
-5.867326e-001 6.172486e-001 
1
2
20 6 4 10 0 -1
20 6 2 10 0 2
haar_x2
2.326799e-003 0 -1
-3.045468e-001 2.819812e-001 
1
2
0 4 12 27 0 -1
4 4 4 27 0 3
haar_x3
8.849947e-002 0 -1
-5.247999e-001 6.211543e-001 
1
3
9 30 12 14 0 -1
15 30 6 7 0 2
9 37 6 7 0 2
haar_x2_y2
-1.061242e-003 0 -1
2.046086e-001 -3.912499e-001 
1
2
8 6 8 12 0 -1
8 9 8 6 0 2
haar_y4
5.928240e-003 0 -1
-5.135675e-001 4.159347e-001 
1
3
8 30 14 14 0 -1
15 30 7 7 0 2
8 37 7 7 0 2
haar_x2_y2
1.515877e-003 0 -1
-1.904816e-001 1.903151e-001 
1
3
2 30 14 14 0 -1
2 30 7 7 0 2
9 37 7 7 0 2
haar_x2_y2
-2.099989e-002 0 -1
4.737436e-001 -4.875835e-001 
1
2
0 3 24 20 0 -1
0 13 24 10 0 2
haar_y2
1.381609e-001 0 -1
-4.787641e-001 3.815776e-001 
1
2
4 46 16 2 0 -1
8 46 8 2 0 2
haar_x4
2.968591e-003 0 -1
-4.430240e-001 4.646374e-001 
1
2
20 27 2 8 0 -1
20 27 2 4 0 2
tilted_haar_x2
-1.867049e-004 0 -1
7.988840e-002 -3.393639e-001 
1
2
4 27 8 2 0 -1
4 27 4 2 0 2
tilted_haar_x2
-8.172007e-005 0 -1
3.027502e-001 -7.181787e-001 
1
2
2 4 21 3 0 -1
9 4 7 3 0 3
haar_x3
2.629554e-002 0 -1
-3.382791e-001 4.594078e-001 
1
2
6 7 12 14 0 -1
9 7 6 14 0 2
haar_x4
-1.015137e-002 0 -1
3.118176e-001 -6.117786e-001 
1
2
21 6 2 16 0 -1
21 6 1 16 0 2
haar_x2
8.152224e-003 0 -1
-1.032428e-001 4.683231e-001 
1
3
3 37 16 10 0 -1
3 37 8 5 0 2
11 42 8 5 0 2
haar_x2_y2
-1.766372e-002 0 -1
4.668569e-001 -4.334112e-001 
-1.643773e+000

6
-1
