16
1
2
1 6 2 20 0 -1
2 6 1 20 0 2
haar_x2
9.887410e-003 0 -1
-4.199710e-001 8.265626e-001 
1
2
6 0 15 6 0 -1
6 3 15 3 0 2
haar_y2
1.203751e-002 0 -1
-8.556266e-001 3.424511e-001 
1
3
1 44 16 4 0 -1
1 44 8 2 0 2
9 46 8 2 0 2
haar_x2_y2
1.431376e-003 0 -1
-7.302605e-001 3.649259e-001 
1
3
18 5 6 36 0 -1
21 5 3 18 0 2
18 23 3 18 0 2
haar_x2_y2
-1.762090e-002 0 -1
4.547034e-001 -7.219942e-001 
1
2
3 19 5 12 0 -1
3 25 5 6 0 2
haar_y2
-6.366713e-004 0 -1
3.899727e-001 -8.063331e-001 
1
2
0 4 24 26 0 -1
0 17 24 13 0 2
haar_y2
6.206918e-002 0 -1
-6.812195e-001 2.311688e-001 
1
2
3 4 14 18 0 -1
3 10 14 6 0 3
haar_y3
1.617082e-003 0 -1
-9.342263e-001 1.668172e-001 
1
2
13 21 4 3 0 -1
14 22 2 3 0 2
tilted_haar_y4
2.059037e-003 0 -1
-4.007590e-001 3.381311e-001 
1
2
1 5 8 24 0 -1
1 13 8 8 0 3
haar_y3
3.535287e-003 0 -1
-9.692082e-001 2.334266e-001 
1
2
14 17 6 19 0 -1
16 17 2 19 0 3
haar_x3
-8.281922e-003 0 -1
4.280713e-001 -5.685546e-001 
1
2
3 1 15 24 0 -1
3 7 15 12 0 2
haar_y4
4.013421e-003 0 -1
-9.792367e-001 3.109360e-001 
1
2
19 0 4 8 0 -1
19 2 4 4 0 2
haar_y4
-2.712284e-005 0 -1
8.684982e-002 -6.559057e-001 
1
2
1 0 3 8 0 -1
1 2 3 4 0 2
haar_y4
-1.119846e-005 0 -1
3.915748e-001 -6.158233e-001 
1
2
11 3 4 3 0 -1
11 4 4 1 0 3
haar_y3
3.627015e-004 0 -1
-4.062316e-001 3.606051e-001 
1
2
0 23 23 24 0 -1
0 29 23 12 0 2
haar_y4
1.892001e-005 0 -1
-6.721080e-001 3.150925e-001 
1
2
18 3 4 18 0 -1
12 9 4 6 0 3
tilted_haar_x3
-4.467290e-003 0 -1
2.099802e-001 -3.035576e-001 
-1.777339e+000

8
-1
